name: Benzene
heating ramp rate: 0.5
VOC concentration: 1.0
0.0 0.2412109375
2.0 0.24072265625
4.0 0.2412109375
6.0 0.2421875
9.0 0.24365234375
10.0 0.24560546875
13.0 0.24755859375
15.0 0.2490234375
17.0 0.25
19.0 0.25048828125
21.0 0.2529296875
23.0 0.2548828125
25.0 0.25732421875
27.0 0.2587890625
29.0 0.26123046875
31.0 0.263671875
33.0 0.26611328125
35.0 0.2685546875
38.0 0.26953125
40.0 0.27001953125
42.0 0.2705078125
44.0 0.27099609375
46.0 0.27099609375
48.0 0.271484375
50.0 0.271484375
52.0 0.27099609375
54.0 0.27099609375
56.0 0.27099609375
59.0 0.27099609375
61.0 0.27001953125
63.0 0.26904296875
65.0 0.26806640625
67.0 0.2666015625
69.0 0.26513671875
71.0 0.263671875
73.0 0.2626953125
75.0 0.26220703125
77.0 0.26220703125
79.0 0.26171875
81.0 0.26025390625
83.0 0.2587890625
85.0 0.25732421875
87.0 0.25634765625
89.0 0.25537109375
91.0 0.25439453125
93.0 0.25341796875
96.0 0.25341796875
98.0 0.25341796875
100.0 0.25341796875
102.0 0.25341796875
104.0 0.25244140625
106.0 0.25146484375
108.0 0.25048828125
110.0 0.24951171875
112.0 0.2490234375
114.0 0.24853515625
116.0 0.24951171875
118.0 0.25
120.0 0.25
122.0 0.2490234375
124.0 0.2490234375
127.0 0.248046875
129.0 0.2470703125
131.0 0.24658203125
133.0 0.24658203125
135.0 0.24658203125
137.0 0.24755859375
139.0 0.24755859375
141.0 0.24755859375
143.0 0.24755859375
145.0 0.24658203125
147.0 0.24609375
149.0 0.24560546875
152.0 0.24560546875
154.0 0.24658203125
156.0 0.24755859375
158.0 0.248046875
160.0 0.248046875
162.0 0.24658203125
164.0 0.24560546875
166.0 0.2451171875
168.0 0.2451171875
170.0 0.24462890625
172.0 0.244140625
174.0 0.244140625
176.0 0.2451171875
178.0 0.24609375
180.0 0.2470703125
183.0 0.24658203125
185.0 0.24658203125
187.0 0.24560546875
189.0 0.24462890625
191.0 0.244140625
193.0 0.244140625
195.0 0.244140625
197.0 0.244140625
199.0 0.24365234375
201.0 0.244140625
203.0 0.244140625
205.0 0.24462890625
207.0 0.24560546875
209.0 0.24560546875
211.0 0.2451171875
213.0 0.24462890625
216.0 0.24462890625
218.0 0.24365234375
220.0 0.24365234375
222.0 0.24462890625
224.0 0.24560546875
226.0 0.24609375
228.0 0.24560546875
230.0 0.24462890625
232.0 0.244140625
234.0 0.24365234375
236.0 0.24365234375
239.0 0.2431640625
241.0 0.2431640625
243.0 0.2431640625
245.0 0.2431640625
247.0 0.244140625
249.0 0.24462890625
251.0 0.2451171875
253.0 0.2451171875
255.0 0.24462890625
257.0 0.24365234375
259.0 0.24267578125
261.0 0.24267578125
263.0 0.24365234375
266.0 0.24462890625
268.0 0.2451171875
270.0 0.24462890625
272.0 0.24365234375
274.0 0.24267578125
276.0 0.24267578125
278.0 0.2421875
280.0 0.2421875
282.0 0.2421875
284.0 0.24169921875
286.0 0.24169921875
288.0 0.2421875
290.0 0.24267578125
292.0 0.2431640625
294.0 0.2431640625
296.0 0.2431640625
298.0 0.2431640625
300.0 0.24267578125
302.0 0.2421875
304.0 0.24169921875
306.0 0.2421875
309.0 0.2421875
311.0 0.2421875
313.0 0.24169921875
315.0 0.2412109375
317.0 0.2412109375
319.0 0.2412109375
321.0 0.2412109375
323.0 0.2412109375
325.0 0.24169921875
327.0 0.2421875
329.0 0.24267578125
331.0 0.2431640625
333.0 0.2431640625
336.0 0.2431640625
338.0 0.2421875
340.0 0.2412109375
342.0 0.24072265625
344.0 0.240234375
346.0 0.23974609375
348.0 0.23974609375
350.0 0.23974609375
352.0 0.240234375
354.0 0.2412109375
356.0 0.2412109375
358.0 0.24072265625
360.0 0.240234375
362.0 0.240234375
365.0 0.2392578125
367.0 0.2392578125
369.0 0.23876953125
371.0 0.23876953125
373.0 0.2392578125
375.0 0.240234375
377.0 0.240234375
379.0 0.240234375
381.0 0.23974609375
383.0 0.2392578125
385.0 0.2392578125
387.0 0.23876953125
389.0 0.2392578125
392.0 0.23974609375
394.0 0.24072265625
396.0 0.240234375
398.0 0.23974609375
400.0 0.2392578125
402.0 0.23876953125
404.0 0.23828125
406.0 0.23828125
408.0 0.23828125
410.0 0.2392578125
412.0 0.240234375
414.0 0.240234375
416.0 0.23974609375
419.0 0.2392578125
421.0 0.23876953125
423.0 0.23779296875
425.0 0.23779296875
427.0 0.23779296875
429.0 0.23779296875
431.0 0.23828125
433.0 0.23876953125
435.0 0.2392578125
437.0 0.2392578125
439.0 0.23876953125
441.0 0.23828125
443.0 0.23779296875
445.0 0.23779296875
447.0 0.23828125
449.0 0.2392578125
452.0 0.23974609375
454.0 0.23974609375
456.0 0.2392578125
458.0 0.23828125
460.0 0.23779296875
462.0 0.2373046875
464.0 0.2373046875
466.0 0.2373046875
468.0 0.2373046875
470.0 0.2373046875
472.0 0.23828125
474.0 0.23876953125
477.0 0.23876953125
479.0 0.23828125
481.0 0.23779296875
483.0 0.2373046875
485.0 0.23681640625
487.0 0.23681640625
489.0 0.23681640625
491.0 0.23779296875
493.0 0.23828125
495.0 0.23828125
497.0 0.23828125
500.0 0.23779296875
502.0 0.23779296875
504.0 0.2373046875
506.0 0.23681640625
508.0 0.23681640625
510.0 0.23681640625
512.0 0.2373046875
514.0 0.23779296875
516.0 0.23779296875
518.0 0.23779296875
520.0 0.2373046875
522.0 0.2373046875
524.0 0.236328125
526.0 0.23681640625
529.0 0.23681640625
531.0 0.2373046875
533.0 0.23828125
535.0 0.23779296875
537.0 0.23779296875
539.0 0.2373046875
541.0 0.23681640625
543.0 0.23583984375
545.0 0.236328125
547.0 0.23583984375
550.0 0.23681640625
552.0 0.2373046875
554.0 0.2373046875
556.0 0.2373046875
558.0 0.2373046875
560.0 0.23681640625
562.0 0.23681640625
564.0 0.236328125
566.0 0.236328125
568.0 0.23681640625
570.0 0.2373046875
572.0 0.23779296875
575.0 0.23779296875
577.0 0.2373046875
579.0 0.2373046875
581.0 0.23681640625
583.0 0.23583984375
585.0 0.23583984375
587.0 0.236328125
589.0 0.2373046875
591.0 0.23779296875
593.0 0.23779296875
595.0 0.2373046875
597.0 0.236328125
599.0 0.23583984375
602.0 0.23583984375
604.0 0.2353515625
606.0 0.2353515625
608.0 0.2353515625
610.0 0.23583984375
612.0 0.23681640625
614.0 0.23681640625
616.0 0.23681640625
618.0 0.23681640625
620.0 0.236328125
622.0 0.23583984375
624.0 0.2353515625
626.0 0.2353515625
628.0 0.236328125
630.0 0.23681640625
633.0 0.2373046875
635.0 0.23681640625
637.0 0.236328125
639.0 0.236328125
641.0 0.23583984375
643.0 0.2353515625
645.0 0.2353515625
647.0 0.2353515625
649.0 0.23583984375
651.0 0.23681640625
653.0 0.23681640625
655.0 0.23681640625
657.0 0.236328125
659.0 0.236328125
661.0 0.236328125
663.0 0.23583984375
665.0 0.2353515625
667.0 0.23583984375
669.0 0.23681640625
671.0 0.236328125
673.0 0.2373046875
676.0 0.236328125
678.0 0.236328125
680.0 0.23583984375
682.0 0.2353515625
684.0 0.23486328125
686.0 0.2353515625
688.0 0.23583984375
690.0 0.236328125
692.0 0.23681640625
694.0 0.23681640625
696.0 0.236328125
698.0 0.23583984375
700.0 0.23583984375
702.0 0.2353515625
704.0 0.23486328125
707.0 0.23486328125
709.0 0.23583984375
711.0 0.23583984375
713.0 0.236328125
715.0 0.23583984375
717.0 0.23583984375
719.0 0.23583984375
721.0 0.2353515625
723.0 0.2353515625
725.0 0.2353515625
727.0 0.236328125
729.0 0.23681640625
731.0 0.23681640625
733.0 0.236328125
736.0 0.23583984375
738.0 0.2353515625
740.0 0.23486328125
742.0 0.23486328125
744.0 0.234375
746.0 0.23583984375
748.0 0.236328125
750.0 0.236328125
