name: Benzaldehyde
heating ramp rate: 0.5
VOC concentration: 0.02
0.0 0.15869140625
2.0 0.1591796875
4.0 0.1591796875
6.0 0.15869140625
8.0 0.15869140625
10.0 0.15869140625
12.0 0.15869140625
14.0 0.15869140625
16.0 0.15869140625
18.0 0.15869140625
20.0 0.15869140625
22.0 0.1591796875
24.0 0.1591796875
26.0 0.15869140625
28.0 0.15869140625
31.0 0.15869140625
33.0 0.15869140625
35.0 0.1591796875
37.0 0.1591796875
39.0 0.15869140625
41.0 0.1591796875
43.0 0.1591796875
45.0 0.1591796875
47.0 0.1591796875
49.0 0.1591796875
51.0 0.1591796875
53.0 0.1591796875
55.0 0.15869140625
57.0 0.15869140625
59.0 0.15869140625
61.0 0.15869140625
63.0 0.1591796875
66.0 0.1591796875
68.0 0.1591796875
70.0 0.15869140625
72.0 0.1591796875
74.0 0.15869140625
76.0 0.15869140625
78.0 0.1591796875
80.0 0.15869140625
82.0 0.1591796875
84.0 0.1591796875
86.0 0.15869140625
88.0 0.15869140625
90.0 0.15869140625
92.0 0.1591796875
94.0 0.15869140625
96.0 0.15869140625
98.0 0.15869140625
100.0 0.15869140625
103.0 0.1591796875
105.0 0.15869140625
107.0 0.15869140625
109.0 0.15869140625
111.0 0.15869140625
113.0 0.1591796875
115.0 0.15869140625
117.0 0.1591796875
119.0 0.1591796875
121.0 0.1591796875
123.0 0.1591796875
125.0 0.15869140625
127.0 0.1591796875
129.0 0.1591796875
132.0 0.1591796875
134.0 0.1591796875
136.0 0.1591796875
138.0 0.1591796875
140.0 0.1591796875
142.0 0.1591796875
144.0 0.1591796875
146.0 0.15966796875
148.0 0.1591796875
150.0 0.1591796875
152.0 0.1591796875
154.0 0.1591796875
156.0 0.15966796875
158.0 0.1591796875
160.0 0.1591796875
162.0 0.1591796875
164.0 0.1591796875
166.0 0.15966796875
169.0 0.1591796875
171.0 0.1591796875
173.0 0.1591796875
175.0 0.15966796875
177.0 0.15966796875
179.0 0.15966796875
181.0 0.15966796875
183.0 0.15966796875
185.0 0.15966796875
187.0 0.15966796875
189.0 0.15966796875
191.0 0.15966796875
193.0 0.15966796875
195.0 0.15966796875
197.0 0.15966796875
199.0 0.15966796875
201.0 0.15966796875
203.0 0.15966796875
206.0 0.15966796875
208.0 0.15966796875
210.0 0.15966796875
212.0 0.16015625
214.0 0.16015625
216.0 0.16015625
218.0 0.15966796875
220.0 0.16015625
222.0 0.15966796875
224.0 0.15966796875
226.0 0.15966796875
228.0 0.15966796875
230.0 0.15966796875
232.0 0.16015625
234.0 0.16015625
236.0 0.15966796875
239.0 0.16015625
241.0 0.16015625
243.0 0.16015625
245.0 0.16015625
247.0 0.16015625
249.0 0.16015625
251.0 0.16015625
253.0 0.16015625
255.0 0.15966796875
257.0 0.16015625
259.0 0.16015625
261.0 0.16015625
263.0 0.16015625
265.0 0.16015625
267.0 0.16015625
270.0 0.16064453125
272.0 0.16015625
274.0 0.16015625
276.0 0.16015625
278.0 0.16015625
280.0 0.16015625
282.0 0.16015625
284.0 0.16064453125
286.0 0.16015625
288.0 0.16015625
290.0 0.16015625
292.0 0.16015625
294.0 0.16064453125
296.0 0.16015625
298.0 0.16015625
301.0 0.16064453125
303.0 0.16015625
305.0 0.16064453125
307.0 0.16064453125
309.0 0.16064453125
311.0 0.16064453125
313.0 0.16064453125
315.0 0.16015625
317.0 0.16064453125
319.0 0.16064453125
321.0 0.16064453125
323.0 0.16064453125
325.0 0.16015625
327.0 0.16064453125
329.0 0.16015625
331.0 0.16064453125
333.0 0.16015625
335.0 0.16064453125
338.0 0.16064453125
340.0 0.16064453125
342.0 0.16064453125
344.0 0.16064453125
346.0 0.16064453125
348.0 0.16064453125
350.0 0.16064453125
352.0 0.16015625
354.0 0.16064453125
356.0 0.1611328125
358.0 0.16064453125
360.0 0.16064453125
362.0 0.16064453125
364.0 0.16064453125
366.0 0.16064453125
369.0 0.16015625
371.0 0.16064453125
373.0 0.16064453125
375.0 0.1611328125
377.0 0.16064453125
379.0 0.16064453125
381.0 0.16064453125
383.0 0.16064453125
385.0 0.16064453125
387.0 0.16064453125
389.0 0.16064453125
391.0 0.16064453125
393.0 0.16064453125
395.0 0.16064453125
397.0 0.16064453125
400.0 0.16064453125
402.0 0.1611328125
404.0 0.16064453125
406.0 0.16064453125
408.0 0.16064453125
410.0 0.1611328125
412.0 0.16064453125
414.0 0.16064453125
416.0 0.16064453125
418.0 0.16064453125
420.0 0.1611328125
422.0 0.16064453125
424.0 0.16064453125
426.0 0.1611328125
428.0 0.16064453125
430.0 0.1611328125
433.0 0.16064453125
435.0 0.16064453125
437.0 0.16064453125
439.0 0.1611328125
441.0 0.1611328125
443.0 0.1611328125
445.0 0.16064453125
447.0 0.16064453125
449.0 0.1611328125
451.0 0.1611328125
453.0 0.1611328125
455.0 0.1611328125
457.0 0.1611328125
459.0 0.1611328125
461.0 0.1611328125
463.0 0.1611328125
465.0 0.1611328125
468.0 0.1611328125
470.0 0.1611328125
472.0 0.1611328125
474.0 0.16064453125
476.0 0.16064453125
478.0 0.1611328125
480.0 0.1611328125
482.0 0.1611328125
484.0 0.1611328125
486.0 0.1611328125
488.0 0.1611328125
490.0 0.1611328125
492.0 0.1611328125
494.0 0.16162109375
497.0 0.1611328125
499.0 0.1611328125
501.0 0.1611328125
503.0 0.16064453125
505.0 0.16064453125
507.0 0.1611328125
509.0 0.1611328125
511.0 0.1611328125
513.0 0.1611328125
515.0 0.1611328125
517.0 0.16064453125
519.0 0.1611328125
521.0 0.1611328125
523.0 0.1611328125
526.0 0.1611328125
528.0 0.1611328125
530.0 0.16064453125
532.0 0.1611328125
534.0 0.1611328125
536.0 0.16162109375
538.0 0.1611328125
540.0 0.1611328125
542.0 0.1611328125
544.0 0.1611328125
546.0 0.1611328125
548.0 0.1611328125
550.0 0.1611328125
552.0 0.1611328125
554.0 0.16162109375
556.0 0.1611328125
558.0 0.1611328125
561.0 0.1611328125
563.0 0.1611328125
565.0 0.1611328125
567.0 0.16162109375
569.0 0.16162109375
571.0 0.16162109375
573.0 0.1611328125
575.0 0.1611328125
577.0 0.1611328125
579.0 0.1611328125
581.0 0.1611328125
583.0 0.1611328125
585.0 0.1611328125
587.0 0.16162109375
589.0 0.16162109375
591.0 0.16162109375
593.0 0.1611328125
596.0 0.1611328125
598.0 0.1611328125
600.0 0.1611328125
602.0 0.1611328125
604.0 0.1611328125
606.0 0.16162109375
608.0 0.16162109375
610.0 0.16162109375
612.0 0.1611328125
614.0 0.16162109375
616.0 0.16162109375
618.0 0.1611328125
620.0 0.16162109375
622.0 0.16162109375
624.0 0.1611328125
627.0 0.1611328125
629.0 0.16162109375
631.0 0.1611328125
633.0 0.16162109375
635.0 0.1611328125
637.0 0.16162109375
639.0 0.16162109375
641.0 0.16162109375
643.0 0.16162109375
645.0 0.16162109375
647.0 0.16162109375
649.0 0.16162109375
651.0 0.16162109375
653.0 0.16162109375
655.0 0.1611328125
658.0 0.16162109375
660.0 0.16162109375
662.0 0.16162109375
664.0 0.16162109375
666.0 0.16162109375
668.0 0.16162109375
670.0 0.1611328125
672.0 0.16162109375
674.0 0.16162109375
676.0 0.16162109375
678.0 0.16162109375
680.0 0.16162109375
682.0 0.16162109375
684.0 0.16162109375
686.0 0.16162109375
688.0 0.16162109375
690.0 0.16162109375
692.0 0.16162109375
694.0 0.16162109375
696.0 0.16162109375
699.0 0.16162109375
701.0 0.1611328125
703.0 0.16162109375
705.0 0.16162109375
707.0 0.16162109375
709.0 0.16162109375
711.0 0.16162109375
713.0 0.16162109375
715.0 0.16162109375
717.0 0.16162109375
719.0 0.16162109375
721.0 0.162109375
723.0 0.16162109375
725.0 0.16162109375
727.0 0.16162109375
729.0 0.162109375
731.0 0.16162109375
734.0 0.16162109375
736.0 0.16162109375
738.0 0.16162109375
740.0 0.162109375
742.0 0.16162109375
744.0 0.16162109375
746.0 0.16162109375
748.0 0.16162109375
750.0 0.16162109375
