name: IPA
heating ramp rate: 0.5
VOC concentration: 1.0
0.0 0.17578125
2.0 0.17578125
4.0 0.17578125
6.0 0.17578125
8.0 0.17578125
10.0 0.17578125
12.0 0.17578125
14.0 0.17578125
16.0 0.17578125
19.0 0.17626953125
21.0 0.17578125
23.0 0.17626953125
25.0 0.17626953125
27.0 0.17626953125
29.0 0.17626953125
31.0 0.17626953125
33.0 0.1767578125
35.0 0.1767578125
37.0 0.17724609375
39.0 0.17724609375
41.0 0.17724609375
43.0 0.17724609375
45.0 0.177734375
47.0 0.177734375
49.0 0.177734375
51.0 0.177734375
54.0 0.17822265625
56.0 0.17822265625
58.0 0.17822265625
60.0 0.17822265625
62.0 0.1787109375
64.0 0.1796875
66.0 0.17919921875
68.0 0.1796875
70.0 0.1796875
72.0 0.18017578125
74.0 0.1806640625
76.0 0.1806640625
78.0 0.18115234375
80.0 0.181640625
82.0 0.1826171875
84.0 0.1826171875
86.0 0.18310546875
89.0 0.18359375
91.0 0.1845703125
93.0 0.18505859375
95.0 0.185546875
97.0 0.18603515625
99.0 0.18701171875
101.0 0.1875
103.0 0.18798828125
105.0 0.18896484375
107.0 0.18994140625
109.0 0.19091796875
111.0 0.19189453125
113.0 0.19287109375
115.0 0.19384765625
117.0 0.1953125
119.0 0.19677734375
122.0 0.19775390625
124.0 0.19921875
126.0 0.20068359375
128.0 0.2021484375
130.0 0.203125
132.0 0.20458984375
134.0 0.20556640625
136.0 0.20654296875
138.0 0.20751953125
140.0 0.2080078125
142.0 0.20849609375
144.0 0.20849609375
146.0 0.208984375
148.0 0.2080078125
150.0 0.2080078125
152.0 0.20751953125
154.0 0.20654296875
157.0 0.2060546875
159.0 0.205078125
161.0 0.20458984375
163.0 0.2041015625
165.0 0.20361328125
167.0 0.20263671875
169.0 0.20263671875
171.0 0.20166015625
173.0 0.201171875
175.0 0.20068359375
177.0 0.2001953125
179.0 0.19970703125
181.0 0.19921875
183.0 0.19873046875
185.0 0.1982421875
187.0 0.19775390625
190.0 0.19775390625
192.0 0.19677734375
194.0 0.1962890625
196.0 0.1962890625
198.0 0.19580078125
200.0 0.19580078125
202.0 0.1953125
204.0 0.19482421875
206.0 0.19482421875
208.0 0.1943359375
210.0 0.19384765625
212.0 0.193359375
214.0 0.193359375
216.0 0.193359375
219.0 0.19287109375
220.0 0.19287109375
223.0 0.1923828125
225.0 0.1923828125
227.0 0.19189453125
229.0 0.19189453125
231.0 0.19140625
233.0 0.19140625
235.0 0.19091796875
237.0 0.19091796875
239.0 0.19091796875
241.0 0.1904296875
243.0 0.1904296875
245.0 0.1904296875
247.0 0.18994140625
249.0 0.18994140625
251.0 0.18994140625
253.0 0.189453125
256.0 0.189453125
258.0 0.189453125
260.0 0.189453125
262.0 0.18896484375
264.0 0.18896484375
266.0 0.18896484375
268.0 0.18896484375
270.0 0.1884765625
272.0 0.1884765625
274.0 0.18798828125
276.0 0.1884765625
278.0 0.18798828125
280.0 0.18798828125
282.0 0.18798828125
284.0 0.18798828125
286.0 0.1875
288.0 0.1875
291.0 0.1875
293.0 0.18798828125
295.0 0.1875
297.0 0.18701171875
299.0 0.1875
301.0 0.18701171875
303.0 0.18701171875
305.0 0.18701171875
307.0 0.18701171875
309.0 0.18701171875
311.0 0.18701171875
313.0 0.18701171875
315.0 0.18701171875
317.0 0.1865234375
319.0 0.1865234375
321.0 0.1865234375
323.0 0.1865234375
325.0 0.1865234375
328.0 0.18603515625
330.0 0.18603515625
332.0 0.18603515625
334.0 0.18603515625
336.0 0.18603515625
338.0 0.18603515625
340.0 0.18603515625
342.0 0.18603515625
344.0 0.18603515625
346.0 0.18603515625
348.0 0.185546875
350.0 0.185546875
352.0 0.185546875
354.0 0.185546875
356.0 0.185546875
358.0 0.185546875
361.0 0.185546875
363.0 0.18505859375
365.0 0.18505859375
367.0 0.185546875
369.0 0.185546875
371.0 0.185546875
373.0 0.185546875
375.0 0.18505859375
377.0 0.18505859375
379.0 0.185546875
381.0 0.18505859375
383.0 0.18505859375
385.0 0.18505859375
387.0 0.18505859375
389.0 0.18505859375
391.0 0.18505859375
393.0 0.18505859375
395.0 0.18505859375
398.0 0.1845703125
400.0 0.18505859375
402.0 0.18505859375
404.0 0.1845703125
406.0 0.18505859375
408.0 0.1845703125
410.0 0.1845703125
412.0 0.1845703125
414.0 0.1845703125
416.0 0.1845703125
418.0 0.1845703125
420.0 0.18408203125
422.0 0.1845703125
424.0 0.1845703125
426.0 0.1845703125
428.0 0.1845703125
430.0 0.1845703125
432.0 0.18408203125
434.0 0.1845703125
437.0 0.1845703125
439.0 0.1845703125
441.0 0.1845703125
443.0 0.1845703125
445.0 0.1845703125
447.0 0.18408203125
449.0 0.18408203125
451.0 0.1845703125
453.0 0.18408203125
455.0 0.1845703125
457.0 0.1845703125
459.0 0.1845703125
461.0 0.1845703125
463.0 0.18408203125
465.0 0.18408203125
467.0 0.18408203125
469.0 0.1845703125
471.0 0.18408203125
474.0 0.18408203125
476.0 0.18359375
478.0 0.18408203125
480.0 0.18408203125
482.0 0.18408203125
484.0 0.18359375
486.0 0.18408203125
488.0 0.18408203125
490.0 0.18359375
492.0 0.18359375
494.0 0.18408203125
496.0 0.18408203125
498.0 0.18408203125
500.0 0.18408203125
502.0 0.18408203125
504.0 0.18408203125
506.0 0.18408203125
509.0 0.18359375
511.0 0.18359375
513.0 0.18359375
515.0 0.18359375
517.0 0.18359375
519.0 0.18359375
521.0 0.18408203125
523.0 0.18359375
525.0 0.18408203125
527.0 0.18359375
529.0 0.18408203125
531.0 0.18359375
533.0 0.18359375
535.0 0.18359375
537.0 0.18359375
539.0 0.18359375
542.0 0.18359375
544.0 0.18359375
546.0 0.18359375
548.0 0.18359375
550.0 0.18359375
552.0 0.18359375
554.0 0.18310546875
556.0 0.18359375
558.0 0.18359375
560.0 0.18359375
562.0 0.18359375
564.0 0.18359375
566.0 0.18359375
568.0 0.18359375
570.0 0.18359375
572.0 0.18359375
575.0 0.18359375
577.0 0.18359375
579.0 0.18359375
581.0 0.18359375
583.0 0.18359375
585.0 0.18310546875
587.0 0.18310546875
589.0 0.18310546875
591.0 0.18310546875
593.0 0.18310546875
595.0 0.18359375
597.0 0.18359375
599.0 0.18359375
601.0 0.18359375
603.0 0.18359375
605.0 0.18359375
608.0 0.18359375
610.0 0.18310546875
612.0 0.18359375
614.0 0.18359375
616.0 0.18359375
618.0 0.18359375
620.0 0.18359375
622.0 0.18359375
624.0 0.18359375
626.0 0.18359375
628.0 0.18359375
630.0 0.18359375
632.0 0.18359375
634.0 0.18359375
636.0 0.18359375
639.0 0.18359375
641.0 0.18359375
643.0 0.18359375
645.0 0.18359375
647.0 0.18359375
649.0 0.18359375
651.0 0.18359375
653.0 0.18359375
655.0 0.18310546875
657.0 0.18359375
659.0 0.18310546875
661.0 0.18359375
663.0 0.18359375
665.0 0.18310546875
667.0 0.18359375
669.0 0.18359375
672.0 0.18310546875
674.0 0.18359375
676.0 0.18310546875
678.0 0.18310546875
680.0 0.18310546875
682.0 0.18310546875
684.0 0.18310546875
686.0 0.18310546875
688.0 0.18310546875
690.0 0.18310546875
692.0 0.18310546875
694.0 0.18310546875
696.0 0.18310546875
698.0 0.1826171875
700.0 0.18310546875
702.0 0.18310546875
704.0 0.18310546875
706.0 0.18310546875
708.0 0.18310546875
711.0 0.18310546875
713.0 0.18310546875
715.0 0.18359375
717.0 0.1826171875
719.0 0.18310546875
721.0 0.18310546875
723.0 0.18310546875
725.0 0.18310546875
727.0 0.18310546875
729.0 0.18310546875
731.0 0.18310546875
733.0 0.18359375
735.0 0.18310546875
737.0 0.18310546875
739.0 0.18310546875
742.0 0.18310546875
744.0 0.18310546875
746.0 0.18310546875
748.0 0.18310546875
750.0 0.18359375
