name: IPA
heating ramp rate: 0.5
VOC concentration: 0.25
0.0 0.16796875
2.0 0.16845703125
4.0 0.16845703125
6.0 0.16796875
9.0 0.16796875
11.0 0.16845703125
13.0 0.16845703125
15.0 0.16796875
17.0 0.16796875
19.0 0.16845703125
21.0 0.16845703125
23.0 0.16796875
25.0 0.16845703125
27.0 0.16845703125
29.0 0.1689453125
31.0 0.16845703125
33.0 0.16845703125
35.0 0.16845703125
37.0 0.16845703125
39.0 0.1689453125
41.0 0.1689453125
43.0 0.1689453125
46.0 0.1689453125
48.0 0.1689453125
50.0 0.1689453125
52.0 0.1689453125
54.0 0.1689453125
56.0 0.1689453125
58.0 0.16943359375
60.0 0.16943359375
62.0 0.1689453125
64.0 0.16943359375
66.0 0.16943359375
68.0 0.16943359375
70.0 0.16943359375
72.0 0.169921875
74.0 0.169921875
76.0 0.169921875
78.0 0.169921875
80.0 0.169921875
83.0 0.169921875
85.0 0.17041015625
87.0 0.17041015625
89.0 0.17041015625
91.0 0.17041015625
93.0 0.1708984375
95.0 0.1708984375
97.0 0.1708984375
99.0 0.17138671875
101.0 0.17138671875
103.0 0.171875
105.0 0.171875
107.0 0.17236328125
109.0 0.17236328125
111.0 0.1728515625
113.0 0.1728515625
115.0 0.17333984375
118.0 0.173828125
120.0 0.173828125
122.0 0.17431640625
124.0 0.1748046875
126.0 0.17529296875
128.0 0.17529296875
130.0 0.17578125
132.0 0.17626953125
134.0 0.1767578125
136.0 0.17724609375
138.0 0.177734375
140.0 0.177734375
142.0 0.17822265625
144.0 0.17822265625
146.0 0.1787109375
148.0 0.17822265625
150.0 0.1787109375
153.0 0.1787109375
155.0 0.1787109375
157.0 0.17822265625
159.0 0.17822265625
161.0 0.177734375
163.0 0.177734375
165.0 0.177734375
167.0 0.17724609375
169.0 0.17724609375
171.0 0.17724609375
173.0 0.17724609375
175.0 0.1767578125
177.0 0.1767578125
179.0 0.1767578125
181.0 0.1767578125
183.0 0.17626953125
186.0 0.17626953125
188.0 0.17626953125
190.0 0.17626953125
192.0 0.17578125
194.0 0.17578125
196.0 0.17578125
198.0 0.17578125
200.0 0.17529296875
202.0 0.17578125
204.0 0.17529296875
206.0 0.17529296875
208.0 0.17529296875
210.0 0.17529296875
212.0 0.17529296875
214.0 0.17529296875
216.0 0.17529296875
218.0 0.17529296875
221.0 0.17529296875
223.0 0.1748046875
225.0 0.17529296875
227.0 0.1748046875
229.0 0.1748046875
231.0 0.1748046875
233.0 0.1748046875
235.0 0.1748046875
237.0 0.1748046875
239.0 0.1748046875
241.0 0.1748046875
243.0 0.1748046875
245.0 0.17431640625
247.0 0.17431640625
249.0 0.1748046875
251.0 0.17431640625
254.0 0.17431640625
256.0 0.173828125
258.0 0.17431640625
260.0 0.173828125
262.0 0.17431640625
264.0 0.17431640625
266.0 0.17431640625
268.0 0.17431640625
270.0 0.17431640625
272.0 0.17431640625
274.0 0.17431640625
276.0 0.173828125
278.0 0.17431640625
280.0 0.173828125
282.0 0.173828125
284.0 0.173828125
287.0 0.173828125
289.0 0.173828125
291.0 0.173828125
293.0 0.173828125
295.0 0.173828125
297.0 0.173828125
299.0 0.173828125
301.0 0.173828125
303.0 0.173828125
305.0 0.173828125
307.0 0.173828125
309.0 0.173828125
311.0 0.173828125
313.0 0.173828125
315.0 0.17333984375
317.0 0.17333984375
319.0 0.173828125
321.0 0.173828125
324.0 0.17333984375
326.0 0.173828125
328.0 0.173828125
330.0 0.17333984375
332.0 0.17333984375
334.0 0.17333984375
336.0 0.17333984375
338.0 0.17333984375
340.0 0.17333984375
342.0 0.173828125
344.0 0.17333984375
346.0 0.17333984375
348.0 0.17333984375
350.0 0.17333984375
352.0 0.17333984375
354.0 0.17333984375
357.0 0.17333984375
359.0 0.17333984375
361.0 0.17333984375
363.0 0.17333984375
365.0 0.17333984375
367.0 0.17333984375
369.0 0.17333984375
371.0 0.17333984375
373.0 0.17333984375
375.0 0.17333984375
377.0 0.17333984375
379.0 0.17333984375
381.0 0.17333984375
383.0 0.17333984375
385.0 0.17333984375
388.0 0.17333984375
390.0 0.1728515625
392.0 0.17333984375
394.0 0.1728515625
396.0 0.17333984375
398.0 0.1728515625
400.0 0.1728515625
402.0 0.17333984375
404.0 0.17333984375
406.0 0.1728515625
408.0 0.17333984375
410.0 0.17333984375
412.0 0.17333984375
414.0 0.1728515625
416.0 0.17333984375
419.0 0.17333984375
421.0 0.1728515625
423.0 0.1728515625
425.0 0.1728515625
427.0 0.17333984375
429.0 0.17333984375
431.0 0.1728515625
433.0 0.17333984375
435.0 0.17333984375
437.0 0.1728515625
439.0 0.17333984375
441.0 0.1728515625
443.0 0.17333984375
445.0 0.1728515625
447.0 0.1728515625
449.0 0.1728515625
452.0 0.17333984375
454.0 0.1728515625
456.0 0.1728515625
458.0 0.1728515625
460.0 0.1728515625
462.0 0.1728515625
464.0 0.1728515625
466.0 0.1728515625
468.0 0.17333984375
470.0 0.1728515625
472.0 0.1728515625
474.0 0.1728515625
476.0 0.17333984375
478.0 0.17333984375
480.0 0.1728515625
482.0 0.1728515625
484.0 0.1728515625
487.0 0.1728515625
489.0 0.1728515625
491.0 0.1728515625
493.0 0.1728515625
495.0 0.1728515625
497.0 0.1728515625
499.0 0.1728515625
501.0 0.1728515625
503.0 0.1728515625
505.0 0.1728515625
507.0 0.1728515625
509.0 0.1728515625
511.0 0.1728515625
513.0 0.17333984375
515.0 0.1728515625
517.0 0.1728515625
520.0 0.1728515625
522.0 0.17333984375
524.0 0.1728515625
526.0 0.1728515625
528.0 0.1728515625
530.0 0.1728515625
532.0 0.1728515625
534.0 0.1728515625
536.0 0.1728515625
538.0 0.1728515625
540.0 0.1728515625
542.0 0.1728515625
544.0 0.1728515625
546.0 0.1728515625
548.0 0.1728515625
550.0 0.1728515625
553.0 0.1728515625
554.0 0.1728515625
557.0 0.1728515625
559.0 0.1728515625
561.0 0.1728515625
563.0 0.17236328125
565.0 0.1728515625
567.0 0.1728515625
569.0 0.1728515625
571.0 0.1728515625
573.0 0.1728515625
575.0 0.1728515625
577.0 0.1728515625
579.0 0.1728515625
581.0 0.1728515625
583.0 0.1728515625
585.0 0.17236328125
587.0 0.1728515625
590.0 0.1728515625
592.0 0.17333984375
594.0 0.1728515625
596.0 0.1728515625
598.0 0.1728515625
600.0 0.1728515625
602.0 0.1728515625
604.0 0.1728515625
606.0 0.1728515625
608.0 0.1728515625
610.0 0.1728515625
612.0 0.1728515625
614.0 0.17333984375
616.0 0.1728515625
618.0 0.1728515625
620.0 0.1728515625
622.0 0.1728515625
624.0 0.1728515625
627.0 0.1728515625
629.0 0.1728515625
631.0 0.1728515625
633.0 0.1728515625
635.0 0.1728515625
637.0 0.1728515625
639.0 0.1728515625
641.0 0.17333984375
643.0 0.1728515625
645.0 0.1728515625
647.0 0.1728515625
649.0 0.1728515625
651.0 0.1728515625
653.0 0.1728515625
655.0 0.1728515625
657.0 0.1728515625
660.0 0.1728515625
662.0 0.1728515625
664.0 0.1728515625
666.0 0.1728515625
668.0 0.1728515625
670.0 0.1728515625
672.0 0.1728515625
674.0 0.1728515625
676.0 0.1728515625
678.0 0.17333984375
680.0 0.1728515625
682.0 0.1728515625
684.0 0.1728515625
686.0 0.1728515625
688.0 0.1728515625
690.0 0.1728515625
692.0 0.1728515625
695.0 0.17236328125
697.0 0.1728515625
699.0 0.1728515625
701.0 0.1728515625
703.0 0.1728515625
705.0 0.1728515625
707.0 0.1728515625
709.0 0.1728515625
711.0 0.1728515625
713.0 0.1728515625
715.0 0.1728515625
717.0 0.1728515625
719.0 0.1728515625
721.0 0.17236328125
723.0 0.1728515625
725.0 0.1728515625
728.0 0.1728515625
730.0 0.1728515625
732.0 0.1728515625
734.0 0.1728515625
736.0 0.1728515625
738.0 0.1728515625
740.0 0.1728515625
742.0 0.1728515625
744.0 0.17333984375
746.0 0.1728515625
748.0 0.1728515625
750.0 0.1728515625
