name: Limonene
heating ramp rate: 0.5
VOC concentration: 0.03
0.0 0.1748046875
3.0 0.1748046875
5.0 0.1748046875
7.0 0.17431640625
9.0 0.1748046875
11.0 0.17431640625
13.0 0.1748046875
15.0 0.1748046875
17.0 0.1748046875
19.0 0.1748046875
21.0 0.1748046875
23.0 0.1748046875
25.0 0.1748046875
27.0 0.1748046875
29.0 0.17529296875
31.0 0.1748046875
33.0 0.17529296875
35.0 0.1748046875
37.0 0.1748046875
40.0 0.17529296875
42.0 0.17529296875
44.0 0.17529296875
46.0 0.17529296875
48.0 0.17529296875
50.0 0.17529296875
52.0 0.17529296875
54.0 0.17529296875
56.0 0.17529296875
58.0 0.17529296875
60.0 0.17529296875
62.0 0.17529296875
64.0 0.17529296875
66.0 0.17529296875
68.0 0.17529296875
70.0 0.17529296875
72.0 0.17529296875
75.0 0.17529296875
77.0 0.17529296875
79.0 0.17578125
81.0 0.17578125
83.0 0.17578125
85.0 0.17578125
87.0 0.17578125
89.0 0.17578125
91.0 0.17626953125
93.0 0.17578125
95.0 0.17626953125
97.0 0.17626953125
99.0 0.1767578125
101.0 0.1767578125
103.0 0.1767578125
105.0 0.17626953125
107.0 0.1767578125
110.0 0.1767578125
112.0 0.1767578125
114.0 0.17724609375
116.0 0.17724609375
118.0 0.17724609375
120.0 0.177734375
122.0 0.177734375
124.0 0.177734375
126.0 0.17822265625
128.0 0.17822265625
130.0 0.17822265625
132.0 0.17822265625
134.0 0.1787109375
136.0 0.1787109375
138.0 0.17919921875
141.0 0.1796875
143.0 0.17919921875
145.0 0.17919921875
147.0 0.1796875
149.0 0.1796875
151.0 0.17919921875
153.0 0.1796875
155.0 0.1796875
157.0 0.1796875
159.0 0.1796875
161.0 0.1796875
163.0 0.18017578125
165.0 0.18017578125
167.0 0.18017578125
169.0 0.18017578125
171.0 0.18017578125
173.0 0.1796875
175.0 0.18017578125
177.0 0.18017578125
179.0 0.18017578125
182.0 0.18017578125
184.0 0.18017578125
186.0 0.1806640625
188.0 0.1806640625
190.0 0.18017578125
192.0 0.1806640625
194.0 0.1806640625
196.0 0.1806640625
198.0 0.1806640625
200.0 0.18017578125
202.0 0.1806640625
204.0 0.1806640625
206.0 0.1806640625
208.0 0.1806640625
210.0 0.1806640625
212.0 0.1806640625
214.0 0.1806640625
217.0 0.1806640625
219.0 0.1806640625
221.0 0.1806640625
223.0 0.1806640625
225.0 0.1806640625
227.0 0.1806640625
229.0 0.1806640625
231.0 0.1806640625
233.0 0.1806640625
235.0 0.1806640625
237.0 0.1806640625
239.0 0.1806640625
241.0 0.1806640625
243.0 0.1806640625
245.0 0.1806640625
247.0 0.1806640625
249.0 0.1806640625
251.0 0.1806640625
254.0 0.1806640625
256.0 0.1806640625
258.0 0.1806640625
260.0 0.1806640625
262.0 0.1806640625
264.0 0.1806640625
266.0 0.1806640625
268.0 0.1806640625
270.0 0.18115234375
272.0 0.1806640625
274.0 0.18115234375
276.0 0.1806640625
278.0 0.1806640625
280.0 0.1806640625
282.0 0.1806640625
284.0 0.1806640625
286.0 0.1806640625
289.0 0.18115234375
291.0 0.1806640625
293.0 0.1806640625
295.0 0.1806640625
297.0 0.1806640625
299.0 0.1806640625
301.0 0.18115234375
303.0 0.1806640625
305.0 0.1806640625
307.0 0.18115234375
309.0 0.1806640625
311.0 0.1806640625
313.0 0.18115234375
315.0 0.1806640625
317.0 0.18115234375
319.0 0.1806640625
321.0 0.18115234375
324.0 0.1806640625
326.0 0.1806640625
328.0 0.1806640625
330.0 0.1806640625
332.0 0.18115234375
334.0 0.1806640625
336.0 0.1806640625
338.0 0.1806640625
340.0 0.1806640625
342.0 0.18115234375
344.0 0.18115234375
346.0 0.1806640625
348.0 0.1806640625
350.0 0.1806640625
352.0 0.1806640625
354.0 0.1806640625
356.0 0.1806640625
358.0 0.18115234375
360.0 0.1806640625
362.0 0.1806640625
365.0 0.1806640625
367.0 0.18115234375
369.0 0.1806640625
371.0 0.18115234375
373.0 0.1806640625
375.0 0.1806640625
377.0 0.1806640625
379.0 0.1806640625
381.0 0.1806640625
383.0 0.1806640625
385.0 0.1806640625
387.0 0.1806640625
389.0 0.1806640625
391.0 0.1806640625
393.0 0.1806640625
396.0 0.1806640625
397.0 0.18115234375
400.0 0.1806640625
402.0 0.1806640625
404.0 0.1806640625
406.0 0.1806640625
408.0 0.1806640625
410.0 0.1806640625
412.0 0.1806640625
414.0 0.1806640625
416.0 0.1806640625
418.0 0.1806640625
420.0 0.1806640625
422.0 0.1806640625
424.0 0.1806640625
426.0 0.18115234375
428.0 0.1806640625
430.0 0.1806640625
433.0 0.1806640625
435.0 0.1806640625
437.0 0.1806640625
439.0 0.18115234375
441.0 0.1806640625
443.0 0.1806640625
445.0 0.1806640625
447.0 0.1806640625
449.0 0.1806640625
451.0 0.1806640625
453.0 0.1806640625
455.0 0.1806640625
457.0 0.1806640625
459.0 0.1806640625
461.0 0.18115234375
463.0 0.1806640625
465.0 0.1806640625
467.0 0.1806640625
470.0 0.1806640625
472.0 0.1806640625
474.0 0.1806640625
476.0 0.1806640625
478.0 0.1806640625
480.0 0.1806640625
482.0 0.18115234375
484.0 0.1806640625
486.0 0.1806640625
488.0 0.1806640625
490.0 0.1806640625
492.0 0.1806640625
494.0 0.1806640625
496.0 0.1806640625
498.0 0.1806640625
500.0 0.1806640625
502.0 0.1806640625
504.0 0.1806640625
507.0 0.1806640625
509.0 0.1806640625
511.0 0.1806640625
513.0 0.1806640625
515.0 0.1806640625
517.0 0.1806640625
519.0 0.18115234375
521.0 0.1806640625
523.0 0.1806640625
525.0 0.1806640625
527.0 0.1806640625
529.0 0.1806640625
531.0 0.1806640625
533.0 0.1806640625
535.0 0.1806640625
537.0 0.1806640625
539.0 0.1806640625
542.0 0.1806640625
544.0 0.1806640625
546.0 0.1806640625
548.0 0.1806640625
550.0 0.1806640625
552.0 0.18017578125
554.0 0.18017578125
556.0 0.1806640625
558.0 0.1806640625
560.0 0.1806640625
562.0 0.1806640625
564.0 0.1806640625
566.0 0.18017578125
568.0 0.1806640625
570.0 0.18017578125
572.0 0.1806640625
574.0 0.1806640625
576.0 0.1806640625
578.0 0.1806640625
581.0 0.1806640625
583.0 0.1806640625
585.0 0.1806640625
587.0 0.1806640625
589.0 0.1806640625
591.0 0.1806640625
593.0 0.1806640625
595.0 0.1806640625
597.0 0.1806640625
599.0 0.1806640625
601.0 0.1806640625
603.0 0.1806640625
605.0 0.1806640625
607.0 0.1806640625
609.0 0.1806640625
611.0 0.1806640625
614.0 0.1806640625
616.0 0.1806640625
618.0 0.1806640625
620.0 0.1806640625
622.0 0.1806640625
624.0 0.18017578125
626.0 0.1806640625
628.0 0.1806640625
630.0 0.1806640625
632.0 0.18017578125
634.0 0.18017578125
636.0 0.1806640625
638.0 0.18017578125
640.0 0.1806640625
642.0 0.1806640625
644.0 0.18017578125
646.0 0.18017578125
649.0 0.18017578125
651.0 0.1806640625
653.0 0.1806640625
655.0 0.18017578125
657.0 0.1806640625
659.0 0.1806640625
661.0 0.18017578125
663.0 0.1806640625
665.0 0.18017578125
667.0 0.1806640625
669.0 0.18017578125
671.0 0.18017578125
673.0 0.18017578125
675.0 0.18017578125
677.0 0.1806640625
679.0 0.18017578125
681.0 0.1806640625
683.0 0.18017578125
685.0 0.18017578125
688.0 0.18017578125
690.0 0.18017578125
692.0 0.18017578125
694.0 0.18017578125
696.0 0.1806640625
698.0 0.1806640625
700.0 0.1806640625
702.0 0.18017578125
704.0 0.18017578125
706.0 0.1806640625
708.0 0.18017578125
710.0 0.18017578125
712.0 0.18017578125
714.0 0.18017578125
716.0 0.18017578125
718.0 0.18017578125
720.0 0.1806640625
722.0 0.18017578125
724.0 0.1806640625
726.0 0.18017578125
729.0 0.1806640625
731.0 0.18017578125
733.0 0.18017578125
735.0 0.18017578125
737.0 0.18017578125
739.0 0.18017578125
741.0 0.18017578125
743.0 0.18017578125
745.0 0.18017578125
747.0 0.18017578125
749.0 0.18017578125
751.0 0.18017578125
