name: Limonene
heating ramp rate: 0.5
VOC concentration: 1.0
0.0 0.22412109375
2.0 0.224609375
4.0 0.224609375
6.0 0.224609375
8.0 0.224609375
10.0 0.224609375
12.0 0.224609375
14.0 0.224609375
17.0 0.22509765625
19.0 0.22509765625
21.0 0.224609375
23.0 0.22509765625
25.0 0.22509765625
27.0 0.22509765625
29.0 0.22509765625
31.0 0.2255859375
33.0 0.2255859375
35.0 0.22607421875
37.0 0.22607421875
39.0 0.2265625
41.0 0.22705078125
44.0 0.2275390625
46.0 0.22802734375
48.0 0.22802734375
50.0 0.22900390625
52.0 0.2294921875
54.0 0.22998046875
56.0 0.23095703125
58.0 0.23193359375
60.0 0.232421875
62.0 0.23388671875
64.0 0.23486328125
66.0 0.23583984375
68.0 0.23681640625
70.0 0.23828125
72.0 0.23974609375
74.0 0.24169921875
76.0 0.2431640625
78.0 0.24560546875
80.0 0.24755859375
83.0 0.25
85.0 0.25244140625
87.0 0.25537109375
89.0 0.25830078125
91.0 0.26123046875
93.0 0.26513671875
95.0 0.2685546875
97.0 0.27197265625
99.0 0.27490234375
101.0 0.27880859375
103.0 0.28271484375
105.0 0.28662109375
107.0 0.29052734375
109.0 0.29541015625
111.0 0.2998046875
113.0 0.30419921875
115.0 0.3095703125
117.0 0.31396484375
120.0 0.31884765625
122.0 0.32373046875
124.0 0.32861328125
126.0 0.3330078125
128.0 0.33740234375
130.0 0.3408203125
132.0 0.3447265625
134.0 0.34716796875
136.0 0.34912109375
138.0 0.3505859375
140.0 0.35107421875
142.0 0.35009765625
144.0 0.3486328125
146.0 0.3466796875
148.0 0.34423828125
150.0 0.34033203125
152.0 0.3369140625
155.0 0.33251953125
157.0 0.32861328125
159.0 0.3251953125
161.0 0.32177734375
163.0 0.31884765625
165.0 0.3154296875
167.0 0.31298828125
169.0 0.310546875
171.0 0.30810546875
173.0 0.30517578125
175.0 0.3037109375
177.0 0.30126953125
179.0 0.2998046875
181.0 0.29833984375
183.0 0.29638671875
185.0 0.29443359375
188.0 0.29345703125
190.0 0.2919921875
192.0 0.291015625
194.0 0.2890625
196.0 0.28857421875
198.0 0.28759765625
200.0 0.2861328125
202.0 0.28515625
204.0 0.2841796875
206.0 0.283203125
208.0 0.2822265625
210.0 0.28173828125
212.0 0.28076171875
214.0 0.2802734375
216.0 0.27978515625
218.0 0.27880859375
220.0 0.2783203125
223.0 0.27783203125
225.0 0.27734375
227.0 0.2763671875
229.0 0.27587890625
231.0 0.275390625
233.0 0.27490234375
235.0 0.2744140625
237.0 0.27392578125
239.0 0.2734375
241.0 0.2734375
243.0 0.27294921875
245.0 0.2724609375
247.0 0.27197265625
249.0 0.27197265625
251.0 0.271484375
253.0 0.271484375
255.0 0.27099609375
258.0 0.27099609375
260.0 0.2705078125
262.0 0.2705078125
264.0 0.2705078125
266.0 0.27001953125
268.0 0.27001953125
270.0 0.27001953125
272.0 0.26953125
274.0 0.26953125
276.0 0.26953125
278.0 0.26904296875
280.0 0.26904296875
282.0 0.2685546875
284.0 0.2685546875
286.0 0.2685546875
288.0 0.26806640625
290.0 0.267578125
293.0 0.267578125
294.0 0.26708984375
297.0 0.267578125
299.0 0.267578125
301.0 0.267578125
303.0 0.26708984375
305.0 0.26708984375
307.0 0.26708984375
309.0 0.26708984375
311.0 0.2666015625
313.0 0.2666015625
315.0 0.2666015625
317.0 0.2666015625
319.0 0.2666015625
321.0 0.2666015625
323.0 0.2666015625
325.0 0.2666015625
327.0 0.26611328125
330.0 0.265625
332.0 0.265625
334.0 0.265625
336.0 0.265625
338.0 0.265625
340.0 0.265625
342.0 0.265625
344.0 0.265625
346.0 0.26513671875
348.0 0.265625
350.0 0.265625
352.0 0.265625
354.0 0.265625
356.0 0.265625
358.0 0.26513671875
361.0 0.26513671875
363.0 0.26513671875
365.0 0.26513671875
367.0 0.2646484375
369.0 0.2646484375
371.0 0.26416015625
373.0 0.26416015625
375.0 0.26416015625
377.0 0.26416015625
379.0 0.26416015625
381.0 0.26416015625
383.0 0.263671875
385.0 0.263671875
387.0 0.26416015625
389.0 0.26416015625
391.0 0.26416015625
393.0 0.263671875
395.0 0.263671875
398.0 0.263671875
400.0 0.263671875
402.0 0.263671875
404.0 0.263671875
406.0 0.263671875
408.0 0.26318359375
410.0 0.26318359375
412.0 0.26318359375
414.0 0.2626953125
416.0 0.2626953125
418.0 0.26318359375
420.0 0.26318359375
422.0 0.2626953125
424.0 0.2626953125
427.0 0.2626953125
429.0 0.26220703125
431.0 0.2626953125
433.0 0.2626953125
435.0 0.26220703125
437.0 0.26220703125
439.0 0.2626953125
441.0 0.26220703125
443.0 0.2626953125
445.0 0.26220703125
447.0 0.26220703125
449.0 0.26220703125
451.0 0.26220703125
453.0 0.26220703125
455.0 0.26220703125
457.0 0.26220703125
460.0 0.26171875
462.0 0.26220703125
464.0 0.26220703125
466.0 0.26171875
468.0 0.26123046875
470.0 0.26171875
472.0 0.26171875
474.0 0.26123046875
476.0 0.26123046875
478.0 0.26171875
480.0 0.26171875
482.0 0.26171875
484.0 0.26171875
486.0 0.26123046875
488.0 0.26123046875
490.0 0.26171875
492.0 0.26171875
495.0 0.26220703125
496.0 0.26171875
499.0 0.26171875
501.0 0.26171875
503.0 0.26171875
505.0 0.26171875
507.0 0.26171875
509.0 0.26171875
511.0 0.26123046875
513.0 0.26171875
515.0 0.26171875
517.0 0.26171875
519.0 0.26171875
521.0 0.26171875
523.0 0.26171875
525.0 0.26123046875
528.0 0.26123046875
530.0 0.26123046875
532.0 0.26123046875
534.0 0.26123046875
536.0 0.26123046875
538.0 0.26123046875
540.0 0.26123046875
542.0 0.26123046875
544.0 0.26123046875
546.0 0.26123046875
548.0 0.26123046875
550.0 0.26123046875
552.0 0.26123046875
554.0 0.2607421875
556.0 0.2607421875
558.0 0.2607421875
560.0 0.26123046875
563.0 0.2607421875
565.0 0.2607421875
567.0 0.2607421875
569.0 0.26123046875
571.0 0.2607421875
573.0 0.26123046875
575.0 0.2607421875
577.0 0.2607421875
579.0 0.2607421875
581.0 0.2607421875
583.0 0.2607421875
585.0 0.2607421875
587.0 0.26123046875
589.0 0.2607421875
591.0 0.2607421875
593.0 0.2607421875
595.0 0.2607421875
598.0 0.2607421875
600.0 0.26025390625
602.0 0.26025390625
604.0 0.26025390625
606.0 0.26025390625
608.0 0.26025390625
610.0 0.26025390625
612.0 0.259765625
614.0 0.259765625
616.0 0.26025390625
618.0 0.26025390625
620.0 0.26025390625
622.0 0.26025390625
624.0 0.26025390625
626.0 0.26025390625
629.0 0.26025390625
631.0 0.26025390625
633.0 0.26025390625
635.0 0.259765625
637.0 0.259765625
639.0 0.259765625
641.0 0.259765625
643.0 0.259765625
645.0 0.259765625
647.0 0.259765625
649.0 0.25927734375
651.0 0.259765625
653.0 0.259765625
655.0 0.25927734375
658.0 0.25927734375
660.0 0.25927734375
662.0 0.25927734375
664.0 0.25927734375
666.0 0.25927734375
668.0 0.25927734375
670.0 0.25927734375
672.0 0.259765625
674.0 0.25927734375
676.0 0.25927734375
678.0 0.25927734375
680.0 0.25927734375
682.0 0.25927734375
684.0 0.2587890625
686.0 0.2587890625
688.0 0.2587890625
690.0 0.2587890625
692.0 0.2587890625
694.0 0.2587890625
696.0 0.25830078125
699.0 0.25830078125
701.0 0.2587890625
703.0 0.2587890625
705.0 0.25830078125
707.0 0.25830078125
709.0 0.25830078125
711.0 0.25830078125
713.0 0.25830078125
715.0 0.25830078125
717.0 0.25830078125
719.0 0.25830078125
721.0 0.2587890625
723.0 0.25830078125
725.0 0.25830078125
727.0 0.2587890625
729.0 0.25830078125
731.0 0.2587890625
733.0 0.2587890625
736.0 0.2587890625
738.0 0.2587890625
740.0 0.2587890625
742.0 0.2587890625
744.0 0.25830078125
746.0 0.25830078125
748.0 0.25830078125
750.0 0.25830078125
