name: MEK
heating ramp rate: 0.5
VOC concentration: 1.0
0.0 0.1875
2.0 0.1875
4.0 0.1875
6.0 0.1875
8.0 0.18798828125
11.0 0.1875
13.0 0.1875
15.0 0.1875
17.0 0.18798828125
19.0 0.1884765625
21.0 0.18798828125
23.0 0.1884765625
25.0 0.18896484375
27.0 0.18896484375
29.0 0.18896484375
31.0 0.18896484375
33.0 0.189453125
35.0 0.18994140625
37.0 0.18994140625
39.0 0.18994140625
41.0 0.1904296875
44.0 0.19091796875
46.0 0.19091796875
48.0 0.19140625
50.0 0.19189453125
52.0 0.19189453125
54.0 0.1923828125
56.0 0.19287109375
58.0 0.193359375
60.0 0.19384765625
62.0 0.1943359375
64.0 0.1953125
66.0 0.1953125
68.0 0.19580078125
70.0 0.19677734375
72.0 0.197265625
74.0 0.1982421875
76.0 0.19921875
78.0 0.2001953125
81.0 0.201171875
83.0 0.2021484375
85.0 0.203125
87.0 0.20458984375
89.0 0.20556640625
91.0 0.20703125
93.0 0.20849609375
95.0 0.21044921875
97.0 0.2119140625
99.0 0.2138671875
101.0 0.2158203125
103.0 0.21826171875
105.0 0.220703125
107.0 0.22314453125
109.0 0.2255859375
111.0 0.22900390625
113.0 0.23193359375
116.0 0.23486328125
118.0 0.23828125
120.0 0.24169921875
122.0 0.24560546875
124.0 0.2490234375
126.0 0.2529296875
128.0 0.2568359375
130.0 0.2607421875
132.0 0.26416015625
134.0 0.267578125
136.0 0.27099609375
138.0 0.2734375
140.0 0.27490234375
142.0 0.27734375
144.0 0.27783203125
146.0 0.2783203125
148.0 0.27783203125
151.0 0.27685546875
153.0 0.27490234375
155.0 0.27294921875
157.0 0.271484375
159.0 0.26904296875
161.0 0.26806640625
163.0 0.26611328125
165.0 0.26416015625
167.0 0.2626953125
169.0 0.2607421875
171.0 0.25927734375
173.0 0.2578125
175.0 0.25634765625
177.0 0.25537109375
179.0 0.25390625
181.0 0.25244140625
183.0 0.25146484375
185.0 0.25
188.0 0.2490234375
190.0 0.248046875
192.0 0.24658203125
194.0 0.24560546875
196.0 0.24462890625
198.0 0.24365234375
200.0 0.24267578125
202.0 0.24169921875
204.0 0.2412109375
206.0 0.240234375
208.0 0.2392578125
210.0 0.23828125
212.0 0.23779296875
214.0 0.2373046875
216.0 0.236328125
218.0 0.23583984375
221.0 0.23486328125
223.0 0.234375
225.0 0.2333984375
227.0 0.23291015625
229.0 0.232421875
231.0 0.2314453125
233.0 0.2314453125
235.0 0.23095703125
237.0 0.23046875
239.0 0.2294921875
241.0 0.22900390625
243.0 0.228515625
245.0 0.22802734375
247.0 0.2275390625
249.0 0.22705078125
251.0 0.2265625
253.0 0.22607421875
256.0 0.2255859375
258.0 0.22509765625
260.0 0.224609375
262.0 0.22412109375
264.0 0.2236328125
266.0 0.22314453125
268.0 0.22265625
270.0 0.22265625
272.0 0.22216796875
274.0 0.2216796875
276.0 0.2216796875
278.0 0.22119140625
280.0 0.22119140625
282.0 0.22021484375
284.0 0.22021484375
287.0 0.22021484375
289.0 0.2197265625
291.0 0.21923828125
293.0 0.21923828125
295.0 0.21875
297.0 0.21875
299.0 0.21826171875
301.0 0.21826171875
303.0 0.21826171875
305.0 0.2177734375
307.0 0.21728515625
309.0 0.21728515625
311.0 0.216796875
313.0 0.216796875
315.0 0.21630859375
317.0 0.21630859375
319.0 0.21630859375
322.0 0.2158203125
324.0 0.2158203125
326.0 0.21533203125
328.0 0.2158203125
330.0 0.21533203125
332.0 0.21484375
334.0 0.21484375
336.0 0.21484375
338.0 0.21484375
340.0 0.21435546875
342.0 0.21435546875
344.0 0.2138671875
346.0 0.21337890625
348.0 0.21337890625
350.0 0.21337890625
352.0 0.21337890625
354.0 0.212890625
356.0 0.212890625
359.0 0.21240234375
361.0 0.21240234375
363.0 0.21240234375
365.0 0.21240234375
367.0 0.2119140625
369.0 0.2119140625
371.0 0.2119140625
373.0 0.2119140625
375.0 0.21142578125
377.0 0.21142578125
379.0 0.21142578125
381.0 0.21142578125
383.0 0.21142578125
385.0 0.2109375
387.0 0.2109375
389.0 0.2109375
391.0 0.2109375
393.0 0.2109375
396.0 0.21044921875
398.0 0.21044921875
400.0 0.21044921875
402.0 0.21044921875
404.0 0.21044921875
406.0 0.21044921875
408.0 0.2099609375
410.0 0.21044921875
412.0 0.21044921875
414.0 0.2099609375
416.0 0.2099609375
418.0 0.2099609375
420.0 0.2099609375
422.0 0.2099609375
424.0 0.2099609375
427.0 0.2099609375
429.0 0.20947265625
431.0 0.20947265625
433.0 0.20947265625
435.0 0.20947265625
437.0 0.20947265625
439.0 0.208984375
441.0 0.208984375
443.0 0.208984375
445.0 0.20849609375
447.0 0.20849609375
449.0 0.20849609375
451.0 0.20849609375
453.0 0.20849609375
455.0 0.20849609375
457.0 0.2080078125
459.0 0.20849609375
461.0 0.2080078125
464.0 0.2080078125
466.0 0.2080078125
468.0 0.2080078125
470.0 0.2080078125
472.0 0.2080078125
474.0 0.2080078125
476.0 0.2080078125
478.0 0.2080078125
480.0 0.2080078125
482.0 0.2080078125
484.0 0.2080078125
486.0 0.2080078125
488.0 0.2080078125
490.0 0.2080078125
492.0 0.2080078125
494.0 0.2080078125
496.0 0.20751953125
499.0 0.2080078125
501.0 0.2080078125
503.0 0.20751953125
505.0 0.20751953125
507.0 0.20751953125
509.0 0.20751953125
511.0 0.20751953125
513.0 0.20751953125
515.0 0.2080078125
517.0 0.20751953125
519.0 0.20751953125
521.0 0.20751953125
523.0 0.20751953125
525.0 0.20703125
527.0 0.20703125
529.0 0.20703125
531.0 0.20703125
533.0 0.20703125
535.0 0.20703125
538.0 0.20703125
540.0 0.20703125
542.0 0.20654296875
544.0 0.20654296875
546.0 0.20703125
548.0 0.20654296875
550.0 0.20654296875
552.0 0.20703125
554.0 0.20654296875
556.0 0.20654296875
558.0 0.20654296875
560.0 0.20654296875
562.0 0.20654296875
564.0 0.20654296875
566.0 0.20654296875
568.0 0.20654296875
570.0 0.20703125
572.0 0.20654296875
574.0 0.20654296875
577.0 0.20654296875
579.0 0.20654296875
581.0 0.20654296875
583.0 0.20654296875
585.0 0.20654296875
587.0 0.20654296875
589.0 0.20654296875
591.0 0.20654296875
593.0 0.20654296875
595.0 0.20654296875
597.0 0.20654296875
599.0 0.20654296875
601.0 0.20654296875
603.0 0.20654296875
605.0 0.20654296875
607.0 0.20654296875
609.0 0.20654296875
612.0 0.20654296875
614.0 0.20654296875
616.0 0.20654296875
618.0 0.20654296875
620.0 0.20654296875
622.0 0.2060546875
624.0 0.2060546875
626.0 0.20654296875
628.0 0.2060546875
630.0 0.2060546875
632.0 0.2060546875
634.0 0.2060546875
636.0 0.20556640625
638.0 0.2060546875
640.0 0.2060546875
642.0 0.2060546875
645.0 0.2060546875
647.0 0.2060546875
649.0 0.2060546875
651.0 0.2060546875
653.0 0.2060546875
655.0 0.2060546875
657.0 0.2060546875
659.0 0.2060546875
661.0 0.2060546875
663.0 0.2060546875
665.0 0.2060546875
667.0 0.2060546875
669.0 0.2060546875
671.0 0.2060546875
673.0 0.2060546875
675.0 0.2060546875
677.0 0.2060546875
680.0 0.2060546875
682.0 0.2060546875
684.0 0.20654296875
686.0 0.2060546875
688.0 0.2060546875
690.0 0.2060546875
692.0 0.2060546875
694.0 0.2060546875
696.0 0.2060546875
698.0 0.2060546875
700.0 0.2060546875
702.0 0.2060546875
704.0 0.2060546875
706.0 0.2060546875
708.0 0.2060546875
710.0 0.2060546875
712.0 0.2060546875
714.0 0.2060546875
717.0 0.20556640625
719.0 0.2060546875
721.0 0.20556640625
723.0 0.20556640625
725.0 0.20556640625
727.0 0.2060546875
729.0 0.20556640625
731.0 0.20556640625
733.0 0.20556640625
735.0 0.20556640625
737.0 0.20556640625
739.0 0.20556640625
741.0 0.20556640625
743.0 0.20556640625
745.0 0.20556640625
748.0 0.20556640625
750.0 0.20556640625
