name: oXylene
heating ramp rate: 0.5
VOC concentration: 0.25
0.0 0.263671875
2.0 0.26416015625
4.0 0.2646484375
6.0 0.26513671875
8.0 0.265625
10.0 0.2666015625
12.0 0.267578125
14.0 0.26904296875
16.0 0.2705078125
18.0 0.2724609375
20.0 0.27490234375
22.0 0.27734375
24.0 0.27978515625
26.0 0.28271484375
29.0 0.28564453125
31.0 0.2880859375
33.0 0.29150390625
35.0 0.294921875
37.0 0.298828125
39.0 0.302734375
41.0 0.306640625
43.0 0.31103515625
45.0 0.3154296875
47.0 0.32080078125
49.0 0.326171875
51.0 0.33203125
53.0 0.33837890625
55.0 0.3447265625
57.0 0.35107421875
60.0 0.3583984375
62.0 0.365234375
64.0 0.373046875
66.0 0.3798828125
68.0 0.38818359375
70.0 0.39599609375
72.0 0.40478515625
74.0 0.4130859375
76.0 0.42138671875
78.0 0.4296875
80.0 0.4375
82.0 0.4453125
85.0 0.45263671875
87.0 0.4599609375
89.0 0.46728515625
91.0 0.47412109375
93.0 0.48095703125
95.0 0.48681640625
97.0 0.49267578125
99.0 0.49755859375
101.0 0.50146484375
103.0 0.50439453125
105.0 0.5078125
107.0 0.50927734375
109.0 0.51123046875
112.0 0.5126953125
114.0 0.51220703125
116.0 0.51123046875
118.0 0.5087890625
120.0 0.50537109375
122.0 0.5009765625
124.0 0.49658203125
126.0 0.49072265625
128.0 0.484375
130.0 0.47705078125
132.0 0.46875
134.0 0.4599609375
136.0 0.45068359375
139.0 0.44091796875
141.0 0.43115234375
143.0 0.421875
145.0 0.412109375
147.0 0.40185546875
149.0 0.3935546875
151.0 0.38525390625
153.0 0.376953125
155.0 0.3701171875
157.0 0.3642578125
159.0 0.359375
161.0 0.35498046875
163.0 0.3505859375
165.0 0.34716796875
167.0 0.34423828125
169.0 0.3408203125
171.0 0.33837890625
174.0 0.3359375
176.0 0.333984375
178.0 0.33203125
180.0 0.33056640625
182.0 0.3291015625
184.0 0.3271484375
186.0 0.3251953125
188.0 0.32373046875
190.0 0.322265625
192.0 0.32080078125
194.0 0.3193359375
196.0 0.318359375
198.0 0.31689453125
201.0 0.31640625
203.0 0.31591796875
205.0 0.31591796875
207.0 0.31591796875
209.0 0.3154296875
211.0 0.31396484375
213.0 0.3134765625
215.0 0.31298828125
217.0 0.3125
219.0 0.3125
221.0 0.31201171875
223.0 0.3125
225.0 0.3125
227.0 0.3125
230.0 0.31201171875
232.0 0.31201171875
234.0 0.31201171875
236.0 0.3125
238.0 0.3125
240.0 0.31201171875
242.0 0.3115234375
244.0 0.31103515625
246.0 0.31103515625
248.0 0.310546875
250.0 0.310546875
252.0 0.310546875
254.0 0.310546875
256.0 0.31103515625
258.0 0.3115234375
260.0 0.31103515625
262.0 0.31103515625
265.0 0.31103515625
267.0 0.310546875
269.0 0.31005859375
271.0 0.30908203125
273.0 0.30908203125
275.0 0.30859375
277.0 0.30810546875
279.0 0.30810546875
281.0 0.30712890625
283.0 0.30712890625
285.0 0.306640625
287.0 0.30615234375
289.0 0.30615234375
291.0 0.3056640625
294.0 0.3056640625
296.0 0.3056640625
298.0 0.30517578125
300.0 0.30517578125
302.0 0.30517578125
304.0 0.30517578125
306.0 0.30517578125
308.0 0.30517578125
310.0 0.30517578125
312.0 0.3056640625
314.0 0.3056640625
316.0 0.30517578125
318.0 0.30517578125
321.0 0.3046875
323.0 0.3046875
325.0 0.3037109375
327.0 0.30322265625
329.0 0.302734375
331.0 0.302734375
333.0 0.30322265625
335.0 0.302734375
337.0 0.30322265625
339.0 0.30322265625
341.0 0.30322265625
343.0 0.302734375
345.0 0.30224609375
347.0 0.3017578125
350.0 0.30126953125
352.0 0.30029296875
354.0 0.29931640625
356.0 0.298828125
358.0 0.29833984375
360.0 0.29833984375
362.0 0.29833984375
364.0 0.2978515625
366.0 0.2978515625
368.0 0.29833984375
370.0 0.29833984375
372.0 0.29833984375
374.0 0.29833984375
376.0 0.298828125
378.0 0.29931640625
381.0 0.2998046875
383.0 0.30029296875
385.0 0.2998046875
387.0 0.2998046875
389.0 0.2998046875
391.0 0.29931640625
393.0 0.29931640625
395.0 0.298828125
397.0 0.298828125
399.0 0.298828125
401.0 0.298828125
403.0 0.298828125
405.0 0.29833984375
407.0 0.29833984375
410.0 0.29833984375
412.0 0.2978515625
414.0 0.29736328125
416.0 0.296875
418.0 0.2958984375
420.0 0.29638671875
422.0 0.29541015625
424.0 0.29541015625
426.0 0.294921875
428.0 0.294921875
430.0 0.29443359375
432.0 0.2939453125
434.0 0.29345703125
436.0 0.29296875
438.0 0.29345703125
441.0 0.2939453125
443.0 0.2939453125
445.0 0.2939453125
447.0 0.2939453125
449.0 0.29248046875
451.0 0.2919921875
453.0 0.29150390625
455.0 0.29052734375
457.0 0.29052734375
459.0 0.28955078125
461.0 0.2900390625
463.0 0.29052734375
465.0 0.2900390625
467.0 0.29052734375
469.0 0.29052734375
472.0 0.291015625
474.0 0.291015625
476.0 0.291015625
478.0 0.29150390625
480.0 0.29150390625
482.0 0.2919921875
484.0 0.29248046875
486.0 0.29296875
488.0 0.29345703125
490.0 0.2939453125
492.0 0.2939453125
494.0 0.294921875
496.0 0.29443359375
498.0 0.294921875
500.0 0.29443359375
503.0 0.29443359375
505.0 0.29443359375
507.0 0.29443359375
509.0 0.2939453125
511.0 0.29345703125
513.0 0.29296875
515.0 0.29248046875
517.0 0.29248046875
519.0 0.29150390625
521.0 0.291015625
523.0 0.29052734375
525.0 0.2900390625
527.0 0.2890625
530.0 0.2890625
532.0 0.28857421875
534.0 0.28857421875
536.0 0.28857421875
538.0 0.2890625
540.0 0.28955078125
542.0 0.28955078125
544.0 0.2900390625
546.0 0.29052734375
548.0 0.29052734375
550.0 0.29052734375
552.0 0.29052734375
554.0 0.29052734375
556.0 0.2900390625
558.0 0.28955078125
561.0 0.2890625
563.0 0.2880859375
565.0 0.2880859375
567.0 0.2880859375
569.0 0.2880859375
571.0 0.28759765625
573.0 0.2880859375
575.0 0.28759765625
577.0 0.28857421875
579.0 0.28857421875
581.0 0.28955078125
583.0 0.28955078125
585.0 0.28955078125
587.0 0.2890625
590.0 0.2890625
592.0 0.28857421875
594.0 0.28857421875
596.0 0.2880859375
598.0 0.2880859375
600.0 0.28759765625
602.0 0.28759765625
604.0 0.28759765625
606.0 0.28759765625
608.0 0.28759765625
610.0 0.2880859375
612.0 0.28759765625
614.0 0.28759765625
616.0 0.28759765625
618.0 0.28759765625
620.0 0.28759765625
623.0 0.28759765625
625.0 0.287109375
627.0 0.28662109375
629.0 0.287109375
631.0 0.28662109375
633.0 0.28662109375
635.0 0.28662109375
637.0 0.28564453125
639.0 0.28515625
641.0 0.28515625
643.0 0.28466796875
645.0 0.28466796875
647.0 0.2841796875
649.0 0.28369140625
651.0 0.283203125
653.0 0.283203125
656.0 0.283203125
658.0 0.283203125
660.0 0.283203125
662.0 0.283203125
664.0 0.28271484375
666.0 0.28271484375
668.0 0.2822265625
670.0 0.28173828125
672.0 0.28076171875
674.0 0.28076171875
676.0 0.2802734375
678.0 0.28076171875
680.0 0.28125
683.0 0.28125
685.0 0.28125
687.0 0.2822265625
689.0 0.28271484375
691.0 0.283203125
693.0 0.28369140625
695.0 0.28466796875
697.0 0.2841796875
699.0 0.2841796875
701.0 0.2841796875
703.0 0.283203125
705.0 0.28369140625
707.0 0.28271484375
709.0 0.28271484375
711.0 0.28271484375
714.0 0.2822265625
716.0 0.28271484375
718.0 0.28271484375
720.0 0.2822265625
722.0 0.2822265625
724.0 0.2822265625
726.0 0.28173828125
728.0 0.28125
730.0 0.28125
732.0 0.28076171875
734.0 0.2802734375
736.0 0.2802734375
738.0 0.2802734375
740.0 0.28076171875
742.0 0.28076171875
745.0 0.28125
747.0 0.28125
749.0 0.28173828125
