name: oXylene
heating ramp rate: 0.5
VOC concentration: 0.03
0.0 0.15087890625
2.0 0.150390625
4.0 0.150390625
6.0 0.15087890625
8.0 0.150390625
10.0 0.15087890625
12.0 0.15087890625
14.0 0.15087890625
16.0 0.15087890625
18.0 0.15087890625
20.0 0.15087890625
22.0 0.150390625
25.0 0.150390625
27.0 0.15087890625
29.0 0.150390625
31.0 0.15087890625
33.0 0.15087890625
35.0 0.15087890625
37.0 0.150390625
39.0 0.15087890625
41.0 0.15087890625
43.0 0.15087890625
45.0 0.15087890625
48.0 0.15087890625
50.0 0.150390625
52.0 0.15087890625
54.0 0.15087890625
56.0 0.150390625
58.0 0.150390625
60.0 0.15087890625
62.0 0.15087890625
64.0 0.15087890625
66.0 0.150390625
68.0 0.15087890625
70.0 0.15087890625
72.0 0.150390625
74.0 0.150390625
76.0 0.15087890625
79.0 0.15087890625
81.0 0.150390625
83.0 0.150390625
85.0 0.150390625
87.0 0.15087890625
89.0 0.15087890625
91.0 0.15087890625
93.0 0.15087890625
95.0 0.150390625
97.0 0.15087890625
100.0 0.15087890625
102.0 0.15087890625
104.0 0.15087890625
106.0 0.15087890625
108.0 0.15087890625
110.0 0.15087890625
112.0 0.15087890625
114.0 0.15087890625
116.0 0.15087890625
118.0 0.15087890625
120.0 0.15087890625
122.0 0.15087890625
124.0 0.15087890625
126.0 0.15087890625
128.0 0.15087890625
130.0 0.15087890625
132.0 0.15087890625
134.0 0.15087890625
137.0 0.15087890625
139.0 0.1513671875
141.0 0.15087890625
143.0 0.150390625
145.0 0.15087890625
147.0 0.1513671875
149.0 0.1513671875
151.0 0.1513671875
153.0 0.15087890625
155.0 0.15087890625
157.0 0.15087890625
159.0 0.15087890625
161.0 0.1513671875
163.0 0.15087890625
165.0 0.15087890625
167.0 0.15087890625
169.0 0.15087890625
171.0 0.15087890625
174.0 0.15087890625
176.0 0.1513671875
178.0 0.1513671875
180.0 0.15087890625
182.0 0.15087890625
184.0 0.1513671875
186.0 0.1513671875
188.0 0.15087890625
190.0 0.15087890625
192.0 0.1513671875
194.0 0.15087890625
196.0 0.1513671875
198.0 0.15087890625
200.0 0.1513671875
203.0 0.1513671875
205.0 0.1513671875
207.0 0.1513671875
209.0 0.1513671875
211.0 0.1513671875
213.0 0.1513671875
215.0 0.15087890625
217.0 0.1513671875
219.0 0.1513671875
221.0 0.15087890625
223.0 0.1513671875
225.0 0.1513671875
228.0 0.1513671875
230.0 0.1513671875
232.0 0.1513671875
234.0 0.1513671875
236.0 0.1513671875
238.0 0.1513671875
240.0 0.15185546875
242.0 0.1513671875
244.0 0.1513671875
246.0 0.1513671875
248.0 0.15185546875
250.0 0.15185546875
252.0 0.1513671875
254.0 0.1513671875
256.0 0.1513671875
258.0 0.15185546875
260.0 0.15185546875
263.0 0.1513671875
265.0 0.15185546875
267.0 0.1513671875
269.0 0.15185546875
271.0 0.1513671875
273.0 0.15185546875
275.0 0.15185546875
277.0 0.15185546875
279.0 0.1513671875
281.0 0.15185546875
283.0 0.1513671875
285.0 0.15185546875
287.0 0.15185546875
289.0 0.1513671875
292.0 0.15185546875
294.0 0.15185546875
296.0 0.15185546875
298.0 0.1513671875
300.0 0.15185546875
302.0 0.15185546875
304.0 0.15185546875
306.0 0.15185546875
308.0 0.15185546875
310.0 0.15185546875
312.0 0.15185546875
314.0 0.15185546875
316.0 0.15185546875
318.0 0.15185546875
320.0 0.15185546875
322.0 0.15185546875
324.0 0.15185546875
326.0 0.15185546875
328.0 0.15185546875
331.0 0.15185546875
333.0 0.15185546875
335.0 0.15185546875
337.0 0.15234375
339.0 0.15185546875
341.0 0.15185546875
343.0 0.15234375
345.0 0.15185546875
347.0 0.15185546875
349.0 0.15234375
351.0 0.15185546875
353.0 0.15234375
355.0 0.15185546875
357.0 0.15185546875
359.0 0.15185546875
362.0 0.15234375
364.0 0.15234375
366.0 0.15185546875
368.0 0.15234375
370.0 0.15185546875
372.0 0.15234375
374.0 0.15185546875
376.0 0.15185546875
378.0 0.15234375
380.0 0.15234375
382.0 0.15185546875
384.0 0.15185546875
386.0 0.15234375
388.0 0.15234375
390.0 0.15234375
392.0 0.15234375
394.0 0.15234375
396.0 0.15234375
399.0 0.15234375
401.0 0.15234375
403.0 0.15234375
405.0 0.15234375
407.0 0.15283203125
409.0 0.15234375
411.0 0.15234375
413.0 0.15234375
415.0 0.15234375
417.0 0.15234375
419.0 0.15234375
421.0 0.15283203125
423.0 0.15234375
425.0 0.15234375
427.0 0.15234375
429.0 0.15234375
431.0 0.15234375
433.0 0.15234375
435.0 0.15234375
437.0 0.15234375
439.0 0.15234375
442.0 0.15234375
444.0 0.15234375
446.0 0.15283203125
448.0 0.15234375
450.0 0.15234375
452.0 0.15234375
454.0 0.15234375
456.0 0.15234375
458.0 0.15234375
460.0 0.15234375
462.0 0.15234375
464.0 0.15283203125
466.0 0.15283203125
468.0 0.15283203125
470.0 0.15234375
472.0 0.15234375
475.0 0.15234375
477.0 0.15283203125
479.0 0.15234375
481.0 0.15234375
483.0 0.15283203125
485.0 0.15234375
487.0 0.15283203125
489.0 0.15234375
491.0 0.15234375
493.0 0.15283203125
495.0 0.15283203125
497.0 0.15234375
499.0 0.15234375
502.0 0.15283203125
504.0 0.15234375
506.0 0.15283203125
508.0 0.15234375
510.0 0.15283203125
512.0 0.15234375
514.0 0.15283203125
516.0 0.15234375
518.0 0.15283203125
520.0 0.15283203125
522.0 0.15234375
524.0 0.15234375
526.0 0.15283203125
528.0 0.15283203125
531.0 0.15283203125
533.0 0.15283203125
535.0 0.15283203125
537.0 0.15283203125
539.0 0.15283203125
541.0 0.15283203125
543.0 0.15283203125
545.0 0.15234375
547.0 0.15283203125
549.0 0.15283203125
551.0 0.15234375
553.0 0.15283203125
555.0 0.15234375
557.0 0.15234375
560.0 0.15283203125
562.0 0.15283203125
564.0 0.15283203125
566.0 0.15283203125
568.0 0.15283203125
570.0 0.15283203125
572.0 0.15283203125
574.0 0.15283203125
576.0 0.1533203125
578.0 0.15283203125
580.0 0.15283203125
583.0 0.15283203125
585.0 0.15283203125
587.0 0.15283203125
589.0 0.15283203125
591.0 0.15283203125
593.0 0.15283203125
595.0 0.15283203125
597.0 0.1533203125
599.0 0.15283203125
601.0 0.15283203125
603.0 0.15283203125
605.0 0.1533203125
607.0 0.15283203125
609.0 0.15283203125
611.0 0.15283203125
613.0 0.15283203125
615.0 0.15283203125
617.0 0.15283203125
619.0 0.15283203125
622.0 0.15283203125
624.0 0.15283203125
626.0 0.15283203125
628.0 0.15283203125
630.0 0.15234375
632.0 0.15283203125
634.0 0.15283203125
636.0 0.15283203125
638.0 0.1533203125
640.0 0.1533203125
642.0 0.15283203125
644.0 0.15283203125
646.0 0.1533203125
648.0 0.15283203125
650.0 0.15283203125
652.0 0.15283203125
654.0 0.15283203125
656.0 0.15283203125
658.0 0.1533203125
660.0 0.1533203125
663.0 0.15283203125
664.0 0.15283203125
667.0 0.1533203125
669.0 0.15283203125
671.0 0.1533203125
673.0 0.15283203125
675.0 0.15283203125
677.0 0.15283203125
679.0 0.1533203125
681.0 0.15283203125
683.0 0.15283203125
685.0 0.15283203125
687.0 0.15283203125
689.0 0.1533203125
691.0 0.1533203125
693.0 0.15283203125
695.0 0.1533203125
697.0 0.1533203125
700.0 0.1533203125
702.0 0.15283203125
704.0 0.15283203125
706.0 0.1533203125
708.0 0.15283203125
710.0 0.1533203125
712.0 0.15283203125
714.0 0.15283203125
716.0 0.1533203125
718.0 0.15283203125
720.0 0.1533203125
722.0 0.1533203125
724.0 0.15283203125
726.0 0.1533203125
728.0 0.1533203125
731.0 0.1533203125
733.0 0.15283203125
735.0 0.15283203125
737.0 0.1533203125
739.0 0.1533203125
741.0 0.1533203125
743.0 0.1533203125
745.0 0.1533203125
747.0 0.1533203125
749.0 0.1533203125
751.0 0.1533203125
