name: Toluene
heating ramp rate: 0.5
VOC concentration: 0.05
0.0 0.1513671875
3.0 0.1513671875
5.0 0.1513671875
7.0 0.15087890625
9.0 0.1513671875
11.0 0.15087890625
13.0 0.15087890625
15.0 0.15087890625
17.0 0.15087890625
20.0 0.1513671875
21.0 0.1513671875
23.0 0.1513671875
25.0 0.15087890625
28.0 0.1513671875
29.0 0.1513671875
32.0 0.1513671875
34.0 0.15087890625
36.0 0.1513671875
38.0 0.1513671875
40.0 0.1513671875
42.0 0.1513671875
44.0 0.1513671875
46.0 0.1513671875
48.0 0.15087890625
50.0 0.1513671875
52.0 0.1513671875
54.0 0.1513671875
56.0 0.1513671875
59.0 0.15185546875
61.0 0.1513671875
63.0 0.1513671875
65.0 0.15087890625
67.0 0.1513671875
69.0 0.1513671875
71.0 0.1513671875
73.0 0.1513671875
75.0 0.1513671875
77.0 0.1513671875
79.0 0.1513671875
81.0 0.1513671875
83.0 0.1513671875
85.0 0.1513671875
87.0 0.15087890625
90.0 0.1513671875
92.0 0.15087890625
94.0 0.15087890625
96.0 0.1513671875
98.0 0.15087890625
100.0 0.1513671875
102.0 0.15087890625
104.0 0.1513671875
106.0 0.1513671875
108.0 0.15087890625
110.0 0.1513671875
112.0 0.15087890625
114.0 0.1513671875
116.0 0.1513671875
118.0 0.1513671875
120.0 0.15087890625
123.0 0.15087890625
125.0 0.1513671875
127.0 0.1513671875
129.0 0.1513671875
131.0 0.1513671875
133.0 0.1513671875
135.0 0.1513671875
137.0 0.1513671875
139.0 0.1513671875
141.0 0.1513671875
143.0 0.1513671875
146.0 0.1513671875
148.0 0.1513671875
150.0 0.1513671875
152.0 0.1513671875
154.0 0.1513671875
156.0 0.15087890625
158.0 0.1513671875
160.0 0.1513671875
162.0 0.1513671875
164.0 0.1513671875
166.0 0.15087890625
168.0 0.15185546875
170.0 0.1513671875
172.0 0.1513671875
174.0 0.1513671875
176.0 0.1513671875
179.0 0.1513671875
181.0 0.1513671875
183.0 0.1513671875
185.0 0.15185546875
187.0 0.1513671875
189.0 0.1513671875
191.0 0.1513671875
193.0 0.15185546875
195.0 0.1513671875
197.0 0.1513671875
199.0 0.15185546875
201.0 0.15185546875
203.0 0.1513671875
205.0 0.1513671875
207.0 0.1513671875
209.0 0.15185546875
212.0 0.1513671875
214.0 0.15185546875
216.0 0.15185546875
218.0 0.15185546875
220.0 0.15185546875
222.0 0.15185546875
224.0 0.15185546875
226.0 0.1513671875
228.0 0.15185546875
230.0 0.15185546875
232.0 0.15185546875
234.0 0.15185546875
236.0 0.15185546875
238.0 0.15185546875
240.0 0.15185546875
242.0 0.1513671875
244.0 0.15185546875
246.0 0.15185546875
248.0 0.15185546875
250.0 0.15185546875
253.0 0.15185546875
255.0 0.15185546875
257.0 0.15185546875
259.0 0.15185546875
261.0 0.15185546875
263.0 0.15185546875
265.0 0.15185546875
267.0 0.15185546875
269.0 0.15185546875
271.0 0.15234375
273.0 0.15185546875
275.0 0.15185546875
278.0 0.15185546875
279.0 0.15185546875
281.0 0.15185546875
284.0 0.15185546875
286.0 0.15185546875
288.0 0.15185546875
290.0 0.15185546875
292.0 0.15185546875
294.0 0.15185546875
296.0 0.15185546875
298.0 0.15185546875
300.0 0.15185546875
302.0 0.15185546875
304.0 0.15185546875
307.0 0.15185546875
309.0 0.15185546875
311.0 0.15185546875
313.0 0.15185546875
315.0 0.15234375
317.0 0.15185546875
319.0 0.15185546875
321.0 0.15185546875
323.0 0.15234375
325.0 0.15185546875
327.0 0.15185546875
329.0 0.15185546875
331.0 0.15185546875
333.0 0.15185546875
335.0 0.15185546875
337.0 0.15185546875
339.0 0.15185546875
341.0 0.15185546875
344.0 0.15185546875
346.0 0.15185546875
348.0 0.15185546875
350.0 0.15234375
352.0 0.15185546875
354.0 0.15234375
356.0 0.15185546875
358.0 0.15234375
360.0 0.15185546875
362.0 0.15185546875
364.0 0.15185546875
366.0 0.15234375
368.0 0.15234375
370.0 0.15234375
372.0 0.15234375
374.0 0.15234375
376.0 0.15234375
379.0 0.15234375
381.0 0.15185546875
383.0 0.15234375
385.0 0.15234375
387.0 0.15234375
389.0 0.15234375
391.0 0.15234375
393.0 0.15185546875
395.0 0.15234375
397.0 0.15185546875
399.0 0.15234375
401.0 0.15234375
403.0 0.15234375
405.0 0.15234375
407.0 0.15234375
409.0 0.15234375
411.0 0.15234375
413.0 0.15234375
416.0 0.15234375
418.0 0.15234375
420.0 0.15234375
422.0 0.15234375
424.0 0.15234375
426.0 0.15185546875
428.0 0.15234375
430.0 0.15234375
432.0 0.15234375
434.0 0.15234375
436.0 0.15234375
438.0 0.15185546875
440.0 0.15234375
442.0 0.15234375
444.0 0.15234375
446.0 0.15234375
448.0 0.15234375
451.0 0.15234375
453.0 0.15234375
455.0 0.15234375
457.0 0.15234375
459.0 0.15234375
461.0 0.15234375
463.0 0.15234375
465.0 0.15234375
467.0 0.15283203125
469.0 0.15234375
471.0 0.15234375
473.0 0.15234375
475.0 0.15234375
478.0 0.15234375
480.0 0.15283203125
482.0 0.15234375
484.0 0.15234375
486.0 0.15234375
488.0 0.15234375
490.0 0.15234375
492.0 0.15234375
494.0 0.15234375
496.0 0.15234375
498.0 0.15234375
500.0 0.15234375
502.0 0.15234375
504.0 0.15234375
506.0 0.15234375
508.0 0.15234375
510.0 0.15283203125
512.0 0.15234375
515.0 0.15234375
517.0 0.15283203125
519.0 0.15234375
521.0 0.15234375
523.0 0.15283203125
525.0 0.15234375
527.0 0.15234375
529.0 0.15234375
531.0 0.15234375
533.0 0.15283203125
535.0 0.15234375
537.0 0.15234375
539.0 0.15234375
541.0 0.15234375
543.0 0.15234375
545.0 0.15283203125
548.0 0.15283203125
550.0 0.15234375
552.0 0.15234375
554.0 0.15234375
556.0 0.15234375
558.0 0.15283203125
560.0 0.15283203125
562.0 0.15283203125
564.0 0.15234375
566.0 0.15283203125
568.0 0.15234375
570.0 0.15283203125
572.0 0.15283203125
575.0 0.15283203125
577.0 0.15283203125
579.0 0.15283203125
581.0 0.15234375
583.0 0.15283203125
585.0 0.15234375
587.0 0.15283203125
589.0 0.15234375
591.0 0.15283203125
593.0 0.15283203125
595.0 0.15234375
597.0 0.15283203125
599.0 0.15234375
601.0 0.15234375
603.0 0.15283203125
605.0 0.15234375
607.0 0.15283203125
609.0 0.15234375
611.0 0.15234375
613.0 0.15283203125
616.0 0.15283203125
618.0 0.15283203125
620.0 0.15234375
622.0 0.15283203125
624.0 0.15283203125
626.0 0.15283203125
628.0 0.15234375
630.0 0.15234375
632.0 0.15283203125
634.0 0.15283203125
636.0 0.15234375
638.0 0.15234375
640.0 0.15234375
642.0 0.15283203125
644.0 0.15283203125
646.0 0.15234375
648.0 0.15283203125
650.0 0.15283203125
653.0 0.15283203125
655.0 0.15283203125
657.0 0.15283203125
659.0 0.15283203125
661.0 0.15283203125
663.0 0.15283203125
665.0 0.15283203125
667.0 0.1533203125
669.0 0.15283203125
671.0 0.15283203125
673.0 0.15283203125
675.0 0.15283203125
677.0 0.15283203125
679.0 0.15283203125
681.0 0.15283203125
684.0 0.15283203125
686.0 0.15283203125
688.0 0.15283203125
690.0 0.15283203125
692.0 0.15283203125
694.0 0.15283203125
696.0 0.15283203125
698.0 0.15283203125
700.0 0.15234375
702.0 0.15283203125
704.0 0.15283203125
706.0 0.15234375
708.0 0.15234375
710.0 0.15234375
713.0 0.15283203125
715.0 0.15283203125
717.0 0.15234375
719.0 0.15283203125
721.0 0.15283203125
723.0 0.15283203125
725.0 0.15283203125
727.0 0.15283203125
729.0 0.15283203125
731.0 0.15283203125
733.0 0.15283203125
735.0 0.15283203125
737.0 0.15283203125
739.0 0.15283203125
742.0 0.15283203125
744.0 0.15283203125
746.0 0.15283203125
748.0 0.1533203125
750.0 0.15283203125
752.0 0.15283203125
