name: Benzaldehyde
heating ramp rate: 0.5
VOC concentration: 1.0
0.0 0.2001953125
2.0 0.2001953125
5.0 0.2001953125
7.0 0.2001953125
9.0 0.2001953125
11.0 0.2001953125
13.0 0.20068359375
15.0 0.20068359375
17.0 0.2001953125
19.0 0.20068359375
21.0 0.20068359375
23.0 0.20068359375
25.0 0.20068359375
27.0 0.20068359375
29.0 0.20068359375
31.0 0.20068359375
33.0 0.201171875
35.0 0.201171875
37.0 0.201171875
40.0 0.20068359375
42.0 0.201171875
44.0 0.201171875
46.0 0.20166015625
48.0 0.20166015625
50.0 0.20166015625
52.0 0.201171875
54.0 0.20166015625
56.0 0.2021484375
58.0 0.2021484375
60.0 0.2021484375
62.0 0.2021484375
64.0 0.20263671875
66.0 0.20263671875
68.0 0.203125
70.0 0.203125
72.0 0.203125
74.0 0.20361328125
77.0 0.20361328125
79.0 0.2041015625
81.0 0.20458984375
83.0 0.20458984375
85.0 0.205078125
87.0 0.20556640625
89.0 0.20556640625
91.0 0.20654296875
93.0 0.20654296875
95.0 0.20703125
97.0 0.2080078125
99.0 0.2080078125
101.0 0.208984375
103.0 0.20947265625
106.0 0.2099609375
108.0 0.21044921875
110.0 0.21142578125
112.0 0.21240234375
114.0 0.21337890625
116.0 0.21435546875
118.0 0.2158203125
120.0 0.21728515625
122.0 0.21826171875
124.0 0.2197265625
126.0 0.22119140625
128.0 0.22314453125
130.0 0.224609375
132.0 0.2265625
134.0 0.228515625
136.0 0.23046875
138.0 0.23193359375
140.0 0.23388671875
143.0 0.23583984375
145.0 0.23779296875
147.0 0.2392578125
149.0 0.24072265625
151.0 0.24169921875
153.0 0.2421875
155.0 0.2431640625
157.0 0.24365234375
159.0 0.244140625
161.0 0.244140625
163.0 0.24462890625
165.0 0.24462890625
167.0 0.2451171875
169.0 0.2451171875
171.0 0.24560546875
173.0 0.24560546875
175.0 0.24560546875
178.0 0.24560546875
180.0 0.24560546875
182.0 0.24609375
184.0 0.24609375
186.0 0.24609375
188.0 0.24609375
190.0 0.24658203125
192.0 0.24609375
194.0 0.24658203125
196.0 0.24609375
198.0 0.24658203125
200.0 0.2470703125
202.0 0.24658203125
205.0 0.24658203125
207.0 0.24658203125
209.0 0.24658203125
211.0 0.2470703125
213.0 0.2470703125
215.0 0.2470703125
217.0 0.24658203125
219.0 0.24658203125
221.0 0.2470703125
223.0 0.2470703125
225.0 0.2470703125
227.0 0.2470703125
229.0 0.2470703125
231.0 0.2470703125
233.0 0.2470703125
235.0 0.24658203125
237.0 0.24658203125
239.0 0.24658203125
242.0 0.2470703125
244.0 0.24658203125
246.0 0.24658203125
248.0 0.24658203125
250.0 0.24658203125
252.0 0.24658203125
254.0 0.24658203125
256.0 0.24658203125
258.0 0.24658203125
260.0 0.24658203125
262.0 0.24658203125
264.0 0.24658203125
266.0 0.24609375
268.0 0.24658203125
271.0 0.24658203125
273.0 0.24658203125
275.0 0.24658203125
277.0 0.24609375
279.0 0.24658203125
281.0 0.24658203125
283.0 0.24658203125
285.0 0.24609375
287.0 0.24658203125
289.0 0.24609375
291.0 0.24609375
293.0 0.24609375
295.0 0.24609375
297.0 0.24609375
299.0 0.24609375
302.0 0.24609375
304.0 0.24609375
306.0 0.24609375
308.0 0.24609375
310.0 0.24560546875
312.0 0.24609375
314.0 0.24609375
316.0 0.24560546875
318.0 0.24560546875
320.0 0.24560546875
322.0 0.24560546875
324.0 0.24560546875
326.0 0.24560546875
328.0 0.24560546875
330.0 0.24560546875
333.0 0.2451171875
335.0 0.2451171875
337.0 0.24560546875
339.0 0.24560546875
341.0 0.24560546875
343.0 0.2451171875
345.0 0.2451171875
347.0 0.2451171875
349.0 0.2451171875
351.0 0.2451171875
353.0 0.24462890625
355.0 0.2451171875
357.0 0.2451171875
359.0 0.2451171875
361.0 0.24462890625
363.0 0.2451171875
366.0 0.2451171875
368.0 0.24462890625
370.0 0.24462890625
372.0 0.24462890625
374.0 0.24462890625
376.0 0.24462890625
378.0 0.24462890625
380.0 0.24462890625
382.0 0.24462890625
384.0 0.24462890625
386.0 0.24462890625
388.0 0.24462890625
390.0 0.244140625
392.0 0.244140625
394.0 0.244140625
397.0 0.244140625
399.0 0.244140625
401.0 0.244140625
403.0 0.244140625
405.0 0.244140625
407.0 0.244140625
409.0 0.244140625
411.0 0.244140625
413.0 0.244140625
415.0 0.244140625
417.0 0.244140625
419.0 0.24365234375
421.0 0.24365234375
423.0 0.24365234375
426.0 0.24365234375
428.0 0.24365234375
430.0 0.24365234375
432.0 0.2431640625
434.0 0.24365234375
436.0 0.2431640625
438.0 0.2431640625
440.0 0.2431640625
442.0 0.24267578125
444.0 0.24267578125
446.0 0.24267578125
448.0 0.24267578125
450.0 0.24267578125
452.0 0.2421875
455.0 0.2421875
457.0 0.2421875
459.0 0.2421875
461.0 0.24267578125
463.0 0.2421875
465.0 0.2421875
467.0 0.24169921875
469.0 0.2421875
471.0 0.24169921875
473.0 0.24169921875
475.0 0.24169921875
477.0 0.24169921875
479.0 0.24169921875
481.0 0.24169921875
483.0 0.24169921875
485.0 0.2412109375
488.0 0.2412109375
490.0 0.2412109375
492.0 0.2412109375
494.0 0.2412109375
496.0 0.2412109375
498.0 0.2412109375
500.0 0.2412109375
502.0 0.24072265625
504.0 0.2412109375
506.0 0.2412109375
508.0 0.2412109375
510.0 0.2412109375
512.0 0.24072265625
514.0 0.24072265625
516.0 0.24072265625
519.0 0.24072265625
521.0 0.24072265625
523.0 0.24072265625
525.0 0.24072265625
527.0 0.24072265625
529.0 0.24072265625
531.0 0.240234375
533.0 0.24072265625
535.0 0.24072265625
537.0 0.240234375
539.0 0.240234375
541.0 0.240234375
543.0 0.240234375
545.0 0.240234375
548.0 0.240234375
550.0 0.240234375
552.0 0.23974609375
554.0 0.240234375
556.0 0.23974609375
558.0 0.23974609375
560.0 0.23974609375
562.0 0.23974609375
564.0 0.23974609375
566.0 0.23974609375
568.0 0.23974609375
570.0 0.23974609375
572.0 0.23974609375
574.0 0.23974609375
576.0 0.23974609375
579.0 0.23974609375
581.0 0.23974609375
583.0 0.23974609375
585.0 0.23974609375
587.0 0.23974609375
589.0 0.2392578125
591.0 0.2392578125
593.0 0.23974609375
595.0 0.2392578125
597.0 0.2392578125
599.0 0.2392578125
601.0 0.2392578125
603.0 0.23876953125
605.0 0.2392578125
607.0 0.2392578125
609.0 0.2392578125
612.0 0.2392578125
614.0 0.2392578125
616.0 0.2392578125
618.0 0.2392578125
620.0 0.23876953125
622.0 0.2392578125
624.0 0.2392578125
626.0 0.2392578125
628.0 0.2392578125
630.0 0.23876953125
632.0 0.23876953125
634.0 0.23876953125
636.0 0.23876953125
638.0 0.23876953125
640.0 0.23876953125
642.0 0.23876953125
645.0 0.23876953125
647.0 0.23876953125
649.0 0.23876953125
651.0 0.23828125
653.0 0.23876953125
655.0 0.23876953125
657.0 0.23828125
659.0 0.23828125
661.0 0.23828125
663.0 0.23828125
665.0 0.23828125
667.0 0.23828125
669.0 0.23828125
671.0 0.23828125
673.0 0.23828125
675.0 0.23828125
678.0 0.23779296875
680.0 0.23828125
682.0 0.23779296875
684.0 0.23779296875
686.0 0.23779296875
688.0 0.23779296875
690.0 0.2373046875
692.0 0.2373046875
694.0 0.2373046875
696.0 0.2373046875
698.0 0.2373046875
700.0 0.2373046875
702.0 0.2373046875
704.0 0.2373046875
707.0 0.23681640625
709.0 0.2373046875
711.0 0.2373046875
713.0 0.2373046875
715.0 0.2373046875
717.0 0.2373046875
719.0 0.2373046875
721.0 0.2373046875
723.0 0.2373046875
725.0 0.2373046875
727.0 0.2373046875
729.0 0.23681640625
731.0 0.2373046875
733.0 0.23681640625
735.0 0.23681640625
738.0 0.23681640625
740.0 0.23681640625
742.0 0.23681640625
744.0 0.23681640625
746.0 0.23681640625
748.0 0.23681640625
750.0 0.236328125
752.0 0.23583984375
