name: Benzene
heating ramp rate: 0.5
VOC concentration: 0.25
0.0 0.1728515625
2.0 0.1728515625
5.0 0.1728515625
7.0 0.1728515625
9.0 0.17333984375
11.0 0.17333984375
13.0 0.173828125
15.0 0.173828125
17.0 0.17431640625
19.0 0.17529296875
21.0 0.17578125
23.0 0.17626953125
25.0 0.1767578125
27.0 0.17724609375
29.0 0.17822265625
31.0 0.1787109375
33.0 0.17919921875
35.0 0.1796875
37.0 0.18017578125
40.0 0.1806640625
42.0 0.18115234375
44.0 0.18115234375
46.0 0.181640625
48.0 0.18115234375
50.0 0.18115234375
52.0 0.18115234375
54.0 0.18115234375
56.0 0.18115234375
58.0 0.1806640625
60.0 0.18017578125
62.0 0.1806640625
65.0 0.18017578125
67.0 0.1796875
69.0 0.1796875
71.0 0.17919921875
73.0 0.17919921875
75.0 0.1787109375
77.0 0.17822265625
79.0 0.177734375
81.0 0.17724609375
83.0 0.17724609375
85.0 0.17724609375
87.0 0.17724609375
89.0 0.17724609375
91.0 0.1767578125
93.0 0.17626953125
96.0 0.17626953125
98.0 0.17578125
100.0 0.17578125
102.0 0.17578125
104.0 0.17578125
106.0 0.17529296875
108.0 0.17529296875
110.0 0.17529296875
112.0 0.17578125
114.0 0.17529296875
116.0 0.17529296875
118.0 0.17529296875
120.0 0.17529296875
122.0 0.1748046875
124.0 0.1748046875
126.0 0.17529296875
129.0 0.17529296875
131.0 0.17529296875
133.0 0.17578125
135.0 0.1748046875
137.0 0.17529296875
139.0 0.1748046875
141.0 0.17529296875
143.0 0.1748046875
145.0 0.1748046875
147.0 0.1748046875
149.0 0.1748046875
151.0 0.1748046875
153.0 0.1748046875
155.0 0.1748046875
157.0 0.1748046875
159.0 0.17529296875
161.0 0.17529296875
164.0 0.17529296875
166.0 0.1748046875
168.0 0.1748046875
170.0 0.1748046875
172.0 0.1748046875
174.0 0.1748046875
176.0 0.1748046875
178.0 0.17529296875
180.0 0.17529296875
182.0 0.1748046875
184.0 0.17529296875
186.0 0.1748046875
189.0 0.1748046875
191.0 0.1748046875
193.0 0.1748046875
195.0 0.1748046875
197.0 0.1748046875
199.0 0.1748046875
201.0 0.17529296875
203.0 0.1748046875
205.0 0.17529296875
207.0 0.17529296875
209.0 0.17529296875
211.0 0.17529296875
213.0 0.17529296875
215.0 0.17529296875
218.0 0.17529296875
220.0 0.17529296875
222.0 0.17578125
224.0 0.17529296875
226.0 0.17529296875
228.0 0.17529296875
230.0 0.1748046875
232.0 0.17529296875
234.0 0.17529296875
236.0 0.1748046875
238.0 0.17529296875
240.0 0.1748046875
242.0 0.1748046875
244.0 0.17529296875
247.0 0.1748046875
249.0 0.17578125
251.0 0.17529296875
253.0 0.17529296875
255.0 0.1748046875
257.0 0.1748046875
259.0 0.17529296875
261.0 0.1748046875
263.0 0.17529296875
265.0 0.17529296875
267.0 0.17529296875
269.0 0.1748046875
271.0 0.17578125
273.0 0.1748046875
275.0 0.17529296875
277.0 0.17529296875
279.0 0.17529296875
282.0 0.17529296875
284.0 0.17529296875
286.0 0.1748046875
288.0 0.17529296875
290.0 0.17529296875
292.0 0.17529296875
294.0 0.17529296875
296.0 0.17529296875
298.0 0.17529296875
300.0 0.17529296875
302.0 0.17529296875
304.0 0.17578125
306.0 0.17578125
309.0 0.17529296875
311.0 0.17529296875
313.0 0.17529296875
315.0 0.17529296875
317.0 0.17529296875
319.0 0.1748046875
321.0 0.17529296875
323.0 0.1748046875
325.0 0.1748046875
327.0 0.1748046875
329.0 0.1748046875
331.0 0.17529296875
333.0 0.17529296875
335.0 0.17529296875
337.0 0.17529296875
339.0 0.1748046875
341.0 0.1748046875
344.0 0.17529296875
346.0 0.1748046875
348.0 0.17529296875
350.0 0.17529296875
352.0 0.17529296875
354.0 0.17529296875
356.0 0.17529296875
358.0 0.17529296875
360.0 0.17529296875
362.0 0.17529296875
364.0 0.1748046875
366.0 0.1748046875
368.0 0.1748046875
370.0 0.1748046875
372.0 0.17529296875
374.0 0.17529296875
376.0 0.17529296875
379.0 0.17529296875
381.0 0.17529296875
383.0 0.17529296875
385.0 0.17529296875
387.0 0.1748046875
389.0 0.17529296875
391.0 0.17578125
393.0 0.17529296875
395.0 0.17529296875
397.0 0.17529296875
399.0 0.17529296875
401.0 0.1748046875
403.0 0.1748046875
405.0 0.1748046875
407.0 0.1748046875
410.0 0.1748046875
412.0 0.1748046875
414.0 0.1748046875
416.0 0.1748046875
418.0 0.17529296875
420.0 0.1748046875
422.0 0.17529296875
424.0 0.17529296875
426.0 0.1748046875
428.0 0.1748046875
430.0 0.1748046875
432.0 0.1748046875
434.0 0.17529296875
437.0 0.17529296875
439.0 0.17529296875
441.0 0.17529296875
443.0 0.17529296875
445.0 0.17529296875
447.0 0.17529296875
449.0 0.1748046875
451.0 0.1748046875
453.0 0.1748046875
455.0 0.17529296875
457.0 0.1748046875
459.0 0.17529296875
461.0 0.17529296875
463.0 0.17529296875
465.0 0.17529296875
467.0 0.17529296875
469.0 0.17529296875
472.0 0.17529296875
474.0 0.17529296875
476.0 0.17529296875
478.0 0.17529296875
480.0 0.17529296875
482.0 0.17529296875
484.0 0.17529296875
486.0 0.1748046875
488.0 0.17529296875
490.0 0.1748046875
492.0 0.1748046875
494.0 0.17529296875
496.0 0.1748046875
498.0 0.1748046875
500.0 0.1748046875
503.0 0.1748046875
505.0 0.17529296875
507.0 0.17529296875
509.0 0.17529296875
511.0 0.17529296875
513.0 0.17529296875
515.0 0.17431640625
517.0 0.1748046875
519.0 0.17529296875
521.0 0.17529296875
523.0 0.17529296875
525.0 0.17529296875
528.0 0.17529296875
530.0 0.17529296875
532.0 0.17529296875
534.0 0.17529296875
536.0 0.1748046875
538.0 0.1748046875
540.0 0.1748046875
542.0 0.1748046875
544.0 0.17529296875
546.0 0.17529296875
548.0 0.17529296875
550.0 0.17529296875
552.0 0.17529296875
555.0 0.1748046875
557.0 0.1748046875
559.0 0.1748046875
561.0 0.17529296875
563.0 0.17529296875
565.0 0.17578125
567.0 0.17529296875
569.0 0.17529296875
571.0 0.17529296875
573.0 0.1748046875
575.0 0.1748046875
577.0 0.1748046875
579.0 0.1748046875
581.0 0.1748046875
583.0 0.1748046875
585.0 0.1748046875
587.0 0.1748046875
589.0 0.1748046875
592.0 0.17529296875
594.0 0.17529296875
596.0 0.1748046875
598.0 0.17529296875
600.0 0.1748046875
602.0 0.1748046875
604.0 0.1748046875
606.0 0.17529296875
608.0 0.17529296875
610.0 0.1748046875
612.0 0.17529296875
614.0 0.17529296875
616.0 0.17529296875
618.0 0.1748046875
620.0 0.17529296875
622.0 0.1748046875
624.0 0.1748046875
626.0 0.1748046875
629.0 0.1748046875
631.0 0.1748046875
633.0 0.17529296875
635.0 0.17529296875
637.0 0.17529296875
639.0 0.1748046875
641.0 0.17529296875
643.0 0.1748046875
645.0 0.1748046875
647.0 0.17529296875
649.0 0.17529296875
652.0 0.17529296875
654.0 0.17529296875
656.0 0.17529296875
658.0 0.17529296875
660.0 0.1748046875
662.0 0.1748046875
664.0 0.17529296875
666.0 0.17529296875
668.0 0.1748046875
670.0 0.17529296875
672.0 0.17529296875
674.0 0.17529296875
676.0 0.1748046875
678.0 0.17529296875
680.0 0.17529296875
682.0 0.17529296875
684.0 0.17529296875
686.0 0.17529296875
689.0 0.1748046875
691.0 0.1748046875
693.0 0.1748046875
695.0 0.17529296875
697.0 0.17529296875
699.0 0.17529296875
701.0 0.17529296875
703.0 0.17529296875
705.0 0.17529296875
707.0 0.1748046875
709.0 0.1748046875
711.0 0.1748046875
713.0 0.1748046875
715.0 0.1748046875
718.0 0.17529296875
719.0 0.1748046875
722.0 0.17529296875
724.0 0.17529296875
726.0 0.17529296875
728.0 0.17529296875
730.0 0.17529296875
732.0 0.1748046875
734.0 0.17529296875
736.0 0.17529296875
738.0 0.17529296875
740.0 0.17529296875
743.0 0.17529296875
744.0 0.17529296875
747.0 0.17529296875
749.0 0.17529296875
751.0 0.17529296875
