name: Benzene
heating ramp rate: 0.5
VOC concentration: 0.03
0.0 0.1552734375
2.0 0.1552734375
4.0 0.1552734375
6.0 0.1552734375
8.0 0.1552734375
10.0 0.1552734375
12.0 0.1552734375
14.0 0.1552734375
16.0 0.1552734375
18.0 0.1552734375
20.0 0.15576171875
22.0 0.1552734375
25.0 0.1552734375
26.0 0.15576171875
29.0 0.15576171875
31.0 0.15576171875
33.0 0.15625
35.0 0.15625
37.0 0.15576171875
39.0 0.15625
41.0 0.15625
43.0 0.15625
45.0 0.15625
47.0 0.15625
49.0 0.15625
51.0 0.15625
53.0 0.15625
55.0 0.15625
58.0 0.15625
60.0 0.15625
62.0 0.15625
64.0 0.15625
66.0 0.15625
68.0 0.15625
70.0 0.15625
72.0 0.15625
74.0 0.15576171875
76.0 0.15576171875
78.0 0.15625
80.0 0.15625
82.0 0.15576171875
84.0 0.15576171875
86.0 0.15576171875
88.0 0.15625
90.0 0.15576171875
93.0 0.1552734375
95.0 0.15576171875
97.0 0.15576171875
99.0 0.15576171875
101.0 0.15625
103.0 0.15576171875
105.0 0.15576171875
107.0 0.15576171875
109.0 0.15625
111.0 0.15576171875
113.0 0.15576171875
115.0 0.1552734375
117.0 0.15625
119.0 0.15576171875
122.0 0.15576171875
124.0 0.1552734375
126.0 0.15576171875
128.0 0.15625
130.0 0.15576171875
132.0 0.15625
134.0 0.15576171875
136.0 0.15625
138.0 0.15576171875
140.0 0.15625
142.0 0.15625
144.0 0.15625
146.0 0.15576171875
148.0 0.15625
150.0 0.15576171875
152.0 0.15625
154.0 0.15673828125
157.0 0.15576171875
159.0 0.15625
161.0 0.15625
163.0 0.15576171875
165.0 0.15625
167.0 0.15625
169.0 0.15625
171.0 0.15625
173.0 0.15625
175.0 0.15625
177.0 0.15625
180.0 0.15625
182.0 0.15625
184.0 0.15625
186.0 0.15673828125
188.0 0.15625
190.0 0.15625
192.0 0.15625
194.0 0.15625
196.0 0.15625
198.0 0.15673828125
200.0 0.15673828125
202.0 0.15625
205.0 0.15625
207.0 0.15673828125
209.0 0.15673828125
211.0 0.15625
213.0 0.15673828125
215.0 0.15673828125
217.0 0.15673828125
219.0 0.15673828125
221.0 0.15673828125
223.0 0.15673828125
225.0 0.15625
227.0 0.15673828125
229.0 0.15673828125
231.0 0.15673828125
233.0 0.15673828125
236.0 0.15673828125
238.0 0.15673828125
240.0 0.1572265625
242.0 0.15673828125
244.0 0.15673828125
246.0 0.15673828125
248.0 0.15673828125
250.0 0.1572265625
252.0 0.15673828125
254.0 0.1572265625
256.0 0.15673828125
258.0 0.15673828125
260.0 0.1572265625
262.0 0.15673828125
264.0 0.1572265625
266.0 0.1572265625
268.0 0.1572265625
270.0 0.1572265625
273.0 0.1572265625
275.0 0.1572265625
277.0 0.1572265625
279.0 0.1572265625
281.0 0.15673828125
283.0 0.1572265625
285.0 0.1572265625
287.0 0.1572265625
289.0 0.1572265625
291.0 0.1572265625
293.0 0.1572265625
295.0 0.1572265625
297.0 0.1572265625
299.0 0.1572265625
301.0 0.1572265625
303.0 0.1572265625
305.0 0.1572265625
307.0 0.1572265625
310.0 0.1572265625
312.0 0.15771484375
314.0 0.15771484375
316.0 0.1572265625
318.0 0.1572265625
320.0 0.1572265625
322.0 0.1572265625
324.0 0.1572265625
326.0 0.1572265625
328.0 0.15771484375
330.0 0.1572265625
332.0 0.15771484375
334.0 0.1572265625
336.0 0.1572265625
338.0 0.15771484375
340.0 0.1572265625
342.0 0.1572265625
344.0 0.15771484375
347.0 0.1572265625
349.0 0.1572265625
351.0 0.15771484375
353.0 0.15771484375
355.0 0.15771484375
357.0 0.15771484375
359.0 0.1572265625
361.0 0.15771484375
363.0 0.1572265625
365.0 0.1572265625
367.0 0.15771484375
369.0 0.1572265625
371.0 0.1572265625
373.0 0.1572265625
375.0 0.1572265625
377.0 0.1572265625
379.0 0.1572265625
381.0 0.15771484375
383.0 0.1572265625
386.0 0.1572265625
388.0 0.15771484375
390.0 0.15771484375
392.0 0.1572265625
394.0 0.15771484375
396.0 0.15771484375
398.0 0.15771484375
400.0 0.1572265625
402.0 0.1572265625
404.0 0.15771484375
406.0 0.1572265625
408.0 0.15771484375
410.0 0.15771484375
412.0 0.15771484375
414.0 0.15771484375
416.0 0.1572265625
419.0 0.15771484375
421.0 0.15771484375
423.0 0.15771484375
425.0 0.15771484375
427.0 0.15771484375
429.0 0.15771484375
431.0 0.15771484375
433.0 0.15771484375
435.0 0.15771484375
437.0 0.15771484375
439.0 0.15771484375
441.0 0.15771484375
443.0 0.15771484375
445.0 0.1572265625
447.0 0.15771484375
449.0 0.1572265625
452.0 0.15771484375
453.0 0.15771484375
456.0 0.15771484375
458.0 0.15771484375
460.0 0.15771484375
462.0 0.15771484375
464.0 0.1572265625
466.0 0.15771484375
468.0 0.15771484375
470.0 0.15771484375
472.0 0.15771484375
474.0 0.15771484375
476.0 0.15771484375
478.0 0.15771484375
481.0 0.158203125
483.0 0.15771484375
485.0 0.15771484375
487.0 0.15771484375
489.0 0.15771484375
491.0 0.15771484375
493.0 0.15771484375
495.0 0.15771484375
497.0 0.15771484375
499.0 0.15771484375
501.0 0.15771484375
503.0 0.15771484375
505.0 0.15771484375
507.0 0.15771484375
509.0 0.15771484375
511.0 0.15771484375
513.0 0.15771484375
515.0 0.15771484375
517.0 0.15771484375
519.0 0.15771484375
521.0 0.15771484375
523.0 0.15771484375
525.0 0.158203125
527.0 0.15771484375
529.0 0.15771484375
532.0 0.158203125
534.0 0.158203125
536.0 0.15771484375
538.0 0.158203125
540.0 0.15771484375
542.0 0.15771484375
544.0 0.158203125
546.0 0.15771484375
548.0 0.158203125
550.0 0.15771484375
552.0 0.15771484375
555.0 0.158203125
557.0 0.15771484375
559.0 0.15771484375
561.0 0.158203125
563.0 0.158203125
565.0 0.15771484375
567.0 0.158203125
569.0 0.15771484375
571.0 0.15771484375
573.0 0.15771484375
575.0 0.15771484375
577.0 0.15771484375
579.0 0.158203125
581.0 0.158203125
584.0 0.158203125
586.0 0.158203125
588.0 0.158203125
590.0 0.15771484375
592.0 0.15771484375
594.0 0.15771484375
596.0 0.15771484375
598.0 0.158203125
600.0 0.15771484375
602.0 0.158203125
604.0 0.15771484375
606.0 0.158203125
608.0 0.158203125
610.0 0.15771484375
612.0 0.158203125
614.0 0.158203125
616.0 0.158203125
618.0 0.15771484375
620.0 0.158203125
622.0 0.158203125
625.0 0.15771484375
627.0 0.15771484375
629.0 0.15771484375
631.0 0.158203125
633.0 0.15771484375
635.0 0.15771484375
637.0 0.158203125
639.0 0.158203125
641.0 0.158203125
643.0 0.15771484375
645.0 0.158203125
647.0 0.158203125
649.0 0.158203125
652.0 0.15771484375
654.0 0.15771484375
656.0 0.158203125
658.0 0.158203125
660.0 0.158203125
662.0 0.158203125
664.0 0.158203125
666.0 0.15771484375
668.0 0.15771484375
670.0 0.158203125
672.0 0.158203125
674.0 0.158203125
676.0 0.158203125
679.0 0.158203125
681.0 0.158203125
683.0 0.158203125
685.0 0.158203125
687.0 0.158203125
689.0 0.158203125
691.0 0.158203125
693.0 0.158203125
695.0 0.158203125
697.0 0.158203125
699.0 0.15771484375
701.0 0.158203125
703.0 0.158203125
705.0 0.158203125
708.0 0.15771484375
709.0 0.158203125
712.0 0.158203125
714.0 0.158203125
716.0 0.158203125
718.0 0.15771484375
720.0 0.158203125
722.0 0.158203125
724.0 0.158203125
726.0 0.158203125
728.0 0.158203125
730.0 0.158203125
732.0 0.158203125
734.0 0.158203125
736.0 0.158203125
738.0 0.15771484375
740.0 0.158203125
742.0 0.158203125
744.0 0.158203125
747.0 0.158203125
749.0 0.158203125
751.0 0.158203125
