name: Benzaldehyde
heating ramp rate: 0.5
VOC concentration: 0.25
0.0 0.1806640625
2.0 0.18017578125
4.0 0.18017578125
6.0 0.18017578125
8.0 0.1806640625
10.0 0.1806640625
12.0 0.18017578125
15.0 0.1806640625
17.0 0.1806640625
19.0 0.1806640625
21.0 0.1806640625
23.0 0.1806640625
25.0 0.1806640625
27.0 0.18017578125
29.0 0.1806640625
31.0 0.1806640625
33.0 0.1806640625
35.0 0.18017578125
37.0 0.1806640625
39.0 0.1806640625
41.0 0.1806640625
43.0 0.1806640625
45.0 0.1806640625
47.0 0.18017578125
49.0 0.1806640625
52.0 0.1806640625
54.0 0.1806640625
56.0 0.18017578125
58.0 0.18017578125
60.0 0.1806640625
62.0 0.1806640625
64.0 0.18017578125
66.0 0.1806640625
68.0 0.1806640625
70.0 0.1806640625
72.0 0.1806640625
74.0 0.1806640625
76.0 0.18115234375
78.0 0.1806640625
80.0 0.1806640625
82.0 0.18115234375
84.0 0.18115234375
86.0 0.18115234375
89.0 0.18115234375
91.0 0.18115234375
93.0 0.181640625
95.0 0.181640625
97.0 0.181640625
99.0 0.181640625
101.0 0.181640625
103.0 0.18212890625
105.0 0.18212890625
107.0 0.1826171875
109.0 0.1826171875
111.0 0.1826171875
113.0 0.18310546875
115.0 0.18310546875
117.0 0.18359375
119.0 0.18408203125
121.0 0.18408203125
123.0 0.1845703125
126.0 0.18505859375
128.0 0.18505859375
130.0 0.185546875
132.0 0.18603515625
134.0 0.18701171875
136.0 0.18701171875
138.0 0.18701171875
140.0 0.18798828125
142.0 0.1884765625
144.0 0.18896484375
146.0 0.189453125
148.0 0.189453125
150.0 0.18994140625
152.0 0.1904296875
154.0 0.1904296875
156.0 0.19091796875
159.0 0.19091796875
161.0 0.19091796875
163.0 0.19140625
165.0 0.19140625
167.0 0.19140625
169.0 0.19189453125
171.0 0.1923828125
173.0 0.1923828125
175.0 0.1923828125
177.0 0.1923828125
179.0 0.1923828125
181.0 0.1923828125
183.0 0.19287109375
185.0 0.19287109375
187.0 0.193359375
189.0 0.19287109375
192.0 0.19287109375
194.0 0.193359375
196.0 0.193359375
198.0 0.193359375
200.0 0.19384765625
202.0 0.19384765625
204.0 0.19384765625
206.0 0.19384765625
208.0 0.1943359375
210.0 0.1943359375
212.0 0.1943359375
214.0 0.1943359375
216.0 0.1943359375
218.0 0.1943359375
220.0 0.1943359375
222.0 0.1943359375
224.0 0.1943359375
226.0 0.19482421875
229.0 0.1953125
231.0 0.19482421875
233.0 0.1953125
235.0 0.19482421875
237.0 0.19482421875
239.0 0.1953125
241.0 0.1953125
243.0 0.1953125
245.0 0.1953125
247.0 0.19580078125
249.0 0.19580078125
251.0 0.19580078125
253.0 0.19580078125
255.0 0.19580078125
257.0 0.19580078125
259.0 0.1962890625
261.0 0.19580078125
264.0 0.1962890625
266.0 0.1962890625
268.0 0.19580078125
270.0 0.1962890625
272.0 0.1962890625
274.0 0.1962890625
276.0 0.1962890625
278.0 0.1962890625
280.0 0.1962890625
282.0 0.19677734375
284.0 0.19677734375
286.0 0.19677734375
288.0 0.19677734375
290.0 0.19677734375
292.0 0.19677734375
294.0 0.19677734375
296.0 0.19677734375
298.0 0.19677734375
301.0 0.19677734375
303.0 0.197265625
305.0 0.197265625
307.0 0.19677734375
309.0 0.197265625
311.0 0.197265625
313.0 0.197265625
315.0 0.197265625
317.0 0.19775390625
319.0 0.197265625
321.0 0.197265625
323.0 0.19775390625
325.0 0.19775390625
327.0 0.19775390625
329.0 0.19775390625
331.0 0.19775390625
333.0 0.19775390625
335.0 0.19775390625
338.0 0.19775390625
340.0 0.19775390625
342.0 0.19775390625
344.0 0.19775390625
346.0 0.1982421875
348.0 0.19775390625
350.0 0.1982421875
352.0 0.1982421875
354.0 0.1982421875
356.0 0.1982421875
358.0 0.19775390625
360.0 0.1982421875
362.0 0.1982421875
364.0 0.1982421875
366.0 0.1982421875
368.0 0.1982421875
370.0 0.1982421875
373.0 0.1982421875
375.0 0.1982421875
377.0 0.1982421875
379.0 0.1982421875
381.0 0.1982421875
383.0 0.1982421875
385.0 0.1982421875
387.0 0.1982421875
389.0 0.19873046875
391.0 0.19873046875
393.0 0.19873046875
395.0 0.19873046875
397.0 0.19873046875
399.0 0.19873046875
401.0 0.19873046875
403.0 0.19873046875
405.0 0.19873046875
407.0 0.19873046875
410.0 0.19873046875
412.0 0.19873046875
414.0 0.19873046875
416.0 0.19873046875
418.0 0.19873046875
420.0 0.19873046875
422.0 0.19873046875
424.0 0.19873046875
426.0 0.19873046875
428.0 0.19873046875
430.0 0.19873046875
432.0 0.19873046875
434.0 0.19873046875
436.0 0.19921875
438.0 0.19873046875
440.0 0.19873046875
442.0 0.19921875
445.0 0.19873046875
447.0 0.19873046875
449.0 0.19873046875
451.0 0.19873046875
453.0 0.19921875
455.0 0.19921875
457.0 0.19873046875
459.0 0.19921875
461.0 0.19921875
463.0 0.19921875
465.0 0.19873046875
467.0 0.19873046875
469.0 0.19873046875
471.0 0.19921875
473.0 0.19873046875
475.0 0.19873046875
477.0 0.19921875
480.0 0.19921875
482.0 0.19921875
484.0 0.19921875
486.0 0.19921875
488.0 0.19873046875
490.0 0.19921875
492.0 0.19921875
494.0 0.19873046875
496.0 0.19873046875
498.0 0.19921875
500.0 0.19921875
502.0 0.19921875
504.0 0.19921875
506.0 0.19873046875
508.0 0.19921875
510.0 0.19921875
512.0 0.19873046875
514.0 0.19921875
516.0 0.19921875
519.0 0.19921875
521.0 0.19921875
523.0 0.19921875
525.0 0.19921875
527.0 0.19873046875
529.0 0.19921875
531.0 0.19921875
533.0 0.19873046875
535.0 0.19921875
537.0 0.19921875
539.0 0.19921875
541.0 0.19921875
543.0 0.19921875
545.0 0.19921875
547.0 0.19921875
549.0 0.19873046875
551.0 0.19921875
553.0 0.19921875
556.0 0.19921875
558.0 0.19921875
560.0 0.19921875
562.0 0.19921875
564.0 0.19873046875
566.0 0.19873046875
568.0 0.19873046875
570.0 0.19921875
572.0 0.19921875
574.0 0.19873046875
576.0 0.19921875
578.0 0.19873046875
580.0 0.19921875
582.0 0.19921875
584.0 0.19921875
586.0 0.19921875
589.0 0.19873046875
591.0 0.19921875
593.0 0.19873046875
595.0 0.19921875
597.0 0.19873046875
599.0 0.19873046875
601.0 0.19873046875
603.0 0.19873046875
605.0 0.19873046875
607.0 0.19873046875
609.0 0.19921875
611.0 0.19921875
613.0 0.19873046875
615.0 0.19873046875
617.0 0.19921875
619.0 0.19873046875
621.0 0.19873046875
624.0 0.19921875
626.0 0.19873046875
628.0 0.19873046875
630.0 0.19873046875
632.0 0.19873046875
634.0 0.19873046875
636.0 0.19873046875
638.0 0.19873046875
640.0 0.19873046875
642.0 0.19873046875
644.0 0.19873046875
646.0 0.19873046875
648.0 0.19873046875
650.0 0.19873046875
652.0 0.19873046875
654.0 0.19873046875
656.0 0.19873046875
658.0 0.19873046875
660.0 0.19873046875
663.0 0.19873046875
665.0 0.19873046875
667.0 0.19873046875
669.0 0.19873046875
671.0 0.19873046875
673.0 0.19873046875
675.0 0.19873046875
677.0 0.19873046875
679.0 0.19873046875
681.0 0.1982421875
683.0 0.19873046875
685.0 0.19873046875
687.0 0.19873046875
689.0 0.19873046875
691.0 0.19873046875
693.0 0.1982421875
696.0 0.1982421875
698.0 0.19873046875
700.0 0.19873046875
702.0 0.19873046875
704.0 0.1982421875
706.0 0.1982421875
708.0 0.1982421875
710.0 0.1982421875
712.0 0.1982421875
714.0 0.1982421875
716.0 0.1982421875
718.0 0.1982421875
720.0 0.1982421875
722.0 0.1982421875
724.0 0.1982421875
726.0 0.1982421875
729.0 0.1982421875
731.0 0.1982421875
733.0 0.19873046875
735.0 0.1982421875
737.0 0.1982421875
739.0 0.1982421875
741.0 0.1982421875
743.0 0.1982421875
745.0 0.1982421875
747.0 0.1982421875
749.0 0.1982421875
751.0 0.1982421875
