name: Benzene
heating ramp rate: 0.5
VOC concentration: 0.02
0.0 0.1513671875
2.0 0.15185546875
4.0 0.1513671875
6.0 0.15185546875
8.0 0.1513671875
10.0 0.15185546875
12.0 0.15185546875
15.0 0.15185546875
17.0 0.15185546875
19.0 0.1513671875
21.0 0.1513671875
23.0 0.1513671875
25.0 0.1513671875
27.0 0.15185546875
29.0 0.15185546875
31.0 0.15185546875
33.0 0.15185546875
35.0 0.15185546875
37.0 0.1513671875
39.0 0.15185546875
41.0 0.15185546875
43.0 0.15185546875
46.0 0.15185546875
48.0 0.15185546875
50.0 0.15185546875
52.0 0.15185546875
54.0 0.15185546875
56.0 0.15185546875
58.0 0.1513671875
60.0 0.15185546875
62.0 0.1513671875
64.0 0.15185546875
66.0 0.1513671875
68.0 0.1513671875
70.0 0.1513671875
72.0 0.1513671875
74.0 0.1513671875
76.0 0.15185546875
78.0 0.1513671875
81.0 0.15185546875
83.0 0.1513671875
85.0 0.1513671875
87.0 0.1513671875
89.0 0.1513671875
91.0 0.1513671875
93.0 0.1513671875
95.0 0.1513671875
97.0 0.1513671875
99.0 0.1513671875
101.0 0.1513671875
103.0 0.15185546875
105.0 0.15185546875
107.0 0.15185546875
109.0 0.15185546875
111.0 0.1513671875
113.0 0.15185546875
115.0 0.1513671875
117.0 0.15185546875
119.0 0.1513671875
121.0 0.15185546875
124.0 0.15185546875
126.0 0.15185546875
128.0 0.15185546875
130.0 0.15185546875
132.0 0.15185546875
134.0 0.15185546875
136.0 0.15234375
138.0 0.15234375
140.0 0.15185546875
142.0 0.15234375
144.0 0.15234375
146.0 0.15234375
148.0 0.15234375
150.0 0.15234375
152.0 0.15234375
154.0 0.15234375
156.0 0.15234375
158.0 0.15234375
160.0 0.15234375
162.0 0.15234375
164.0 0.15234375
166.0 0.15234375
168.0 0.15234375
170.0 0.15234375
172.0 0.15234375
174.0 0.15234375
176.0 0.15234375
178.0 0.15234375
180.0 0.15283203125
182.0 0.15283203125
184.0 0.15234375
187.0 0.15283203125
189.0 0.15283203125
191.0 0.15283203125
193.0 0.15283203125
195.0 0.15283203125
197.0 0.15283203125
199.0 0.15283203125
201.0 0.15283203125
203.0 0.15283203125
205.0 0.15283203125
207.0 0.15283203125
209.0 0.1533203125
212.0 0.1533203125
214.0 0.15283203125
216.0 0.15283203125
218.0 0.1533203125
220.0 0.15283203125
222.0 0.1533203125
224.0 0.1533203125
226.0 0.1533203125
228.0 0.1533203125
230.0 0.15380859375
232.0 0.1533203125
234.0 0.1533203125
236.0 0.1533203125
238.0 0.1533203125
240.0 0.1533203125
242.0 0.1533203125
245.0 0.1533203125
247.0 0.1533203125
249.0 0.15380859375
251.0 0.1533203125
253.0 0.1533203125
255.0 0.15380859375
257.0 0.15380859375
259.0 0.1533203125
261.0 0.1533203125
263.0 0.15380859375
265.0 0.1533203125
267.0 0.15380859375
269.0 0.15380859375
271.0 0.1533203125
273.0 0.15380859375
275.0 0.15380859375
277.0 0.15380859375
279.0 0.1533203125
281.0 0.15380859375
283.0 0.15380859375
286.0 0.15380859375
288.0 0.15380859375
290.0 0.15380859375
292.0 0.15380859375
294.0 0.154296875
296.0 0.15380859375
298.0 0.15380859375
300.0 0.15380859375
302.0 0.15380859375
304.0 0.15380859375
306.0 0.154296875
308.0 0.154296875
310.0 0.15380859375
312.0 0.154296875
314.0 0.15380859375
316.0 0.154296875
318.0 0.154296875
320.0 0.15380859375
322.0 0.154296875
324.0 0.154296875
326.0 0.154296875
328.0 0.154296875
330.0 0.154296875
333.0 0.154296875
335.0 0.154296875
337.0 0.154296875
339.0 0.154296875
341.0 0.154296875
343.0 0.154296875
345.0 0.154296875
347.0 0.154296875
349.0 0.154296875
351.0 0.154296875
353.0 0.15478515625
355.0 0.15478515625
357.0 0.154296875
359.0 0.154296875
361.0 0.154296875
363.0 0.154296875
366.0 0.154296875
368.0 0.154296875
370.0 0.154296875
372.0 0.15478515625
374.0 0.154296875
376.0 0.15478515625
378.0 0.154296875
380.0 0.15478515625
382.0 0.15478515625
384.0 0.154296875
386.0 0.154296875
388.0 0.15478515625
390.0 0.154296875
392.0 0.15478515625
394.0 0.154296875
396.0 0.154296875
398.0 0.15478515625
400.0 0.15478515625
402.0 0.15478515625
405.0 0.15478515625
407.0 0.15478515625
409.0 0.15478515625
411.0 0.15478515625
413.0 0.15478515625
415.0 0.15478515625
417.0 0.15478515625
419.0 0.15478515625
421.0 0.15478515625
423.0 0.15478515625
425.0 0.15478515625
427.0 0.15478515625
429.0 0.15478515625
431.0 0.15478515625
433.0 0.1552734375
436.0 0.15478515625
438.0 0.15478515625
440.0 0.15478515625
442.0 0.1552734375
444.0 0.15478515625
446.0 0.15478515625
448.0 0.1552734375
450.0 0.15478515625
452.0 0.1552734375
454.0 0.15478515625
456.0 0.1552734375
458.0 0.1552734375
460.0 0.1552734375
462.0 0.1552734375
464.0 0.1552734375
466.0 0.1552734375
469.0 0.15478515625
471.0 0.1552734375
473.0 0.1552734375
475.0 0.1552734375
477.0 0.1552734375
479.0 0.1552734375
481.0 0.15478515625
483.0 0.1552734375
485.0 0.1552734375
487.0 0.1552734375
489.0 0.1552734375
491.0 0.1552734375
493.0 0.1552734375
495.0 0.1552734375
497.0 0.1552734375
500.0 0.1552734375
502.0 0.15478515625
504.0 0.1552734375
506.0 0.1552734375
508.0 0.1552734375
510.0 0.1552734375
512.0 0.1552734375
514.0 0.1552734375
516.0 0.1552734375
518.0 0.1552734375
520.0 0.15576171875
522.0 0.15576171875
524.0 0.1552734375
526.0 0.15576171875
528.0 0.1552734375
530.0 0.1552734375
532.0 0.1552734375
534.0 0.1552734375
537.0 0.1552734375
539.0 0.1552734375
541.0 0.1552734375
543.0 0.1552734375
545.0 0.1552734375
547.0 0.15576171875
549.0 0.15576171875
551.0 0.1552734375
553.0 0.15576171875
555.0 0.1552734375
557.0 0.1552734375
559.0 0.15576171875
561.0 0.1552734375
563.0 0.1552734375
565.0 0.15576171875
567.0 0.1552734375
569.0 0.15576171875
571.0 0.1552734375
573.0 0.15576171875
575.0 0.1552734375
578.0 0.1552734375
580.0 0.1552734375
582.0 0.15576171875
584.0 0.1552734375
586.0 0.1552734375
588.0 0.15576171875
590.0 0.1552734375
592.0 0.15576171875
594.0 0.15576171875
596.0 0.1552734375
598.0 0.15576171875
600.0 0.15576171875
602.0 0.15576171875
604.0 0.15576171875
606.0 0.15576171875
608.0 0.1552734375
610.0 0.1552734375
612.0 0.15576171875
614.0 0.1552734375
616.0 0.15576171875
618.0 0.1552734375
620.0 0.15576171875
622.0 0.15576171875
624.0 0.15576171875
626.0 0.15576171875
628.0 0.15576171875
631.0 0.15576171875
633.0 0.15576171875
635.0 0.1552734375
637.0 0.15576171875
639.0 0.15576171875
641.0 0.15576171875
643.0 0.15576171875
645.0 0.15576171875
647.0 0.15576171875
649.0 0.15576171875
651.0 0.15576171875
653.0 0.15576171875
655.0 0.15576171875
657.0 0.15576171875
660.0 0.15576171875
662.0 0.15576171875
664.0 0.15576171875
666.0 0.15576171875
668.0 0.15576171875
670.0 0.15576171875
672.0 0.15576171875
674.0 0.15576171875
676.0 0.15576171875
678.0 0.15576171875
680.0 0.15576171875
682.0 0.15576171875
684.0 0.15576171875
686.0 0.15576171875
689.0 0.15576171875
691.0 0.15576171875
693.0 0.15576171875
695.0 0.15576171875
697.0 0.15576171875
699.0 0.15576171875
701.0 0.15576171875
703.0 0.15576171875
705.0 0.15576171875
707.0 0.15576171875
709.0 0.15576171875
711.0 0.15625
713.0 0.15576171875
715.0 0.15576171875
717.0 0.15576171875
719.0 0.15576171875
721.0 0.15576171875
723.0 0.15576171875
726.0 0.15576171875
728.0 0.15576171875
730.0 0.15576171875
732.0 0.15576171875
734.0 0.15576171875
736.0 0.15576171875
738.0 0.15576171875
740.0 0.15625
742.0 0.15576171875
744.0 0.15576171875
746.0 0.15576171875
748.0 0.15576171875
750.0 0.15576171875
