name: Benzaldehyde
heating ramp rate: 0.5
VOC concentration: 0.05
0.0 0.1669921875
2.0 0.1669921875
4.0 0.1669921875
6.0 0.1669921875
8.0 0.1669921875
10.0 0.1669921875
12.0 0.1669921875
14.0 0.1669921875
16.0 0.1669921875
18.0 0.1669921875
20.0 0.1669921875
22.0 0.1669921875
24.0 0.1669921875
26.0 0.1669921875
29.0 0.1669921875
31.0 0.16748046875
33.0 0.16748046875
35.0 0.1669921875
37.0 0.1669921875
39.0 0.1669921875
41.0 0.1669921875
43.0 0.16748046875
45.0 0.1669921875
47.0 0.16748046875
49.0 0.16748046875
51.0 0.16748046875
53.0 0.16748046875
55.0 0.16748046875
57.0 0.16748046875
59.0 0.16748046875
62.0 0.16748046875
64.0 0.16748046875
66.0 0.16748046875
68.0 0.16748046875
70.0 0.16748046875
72.0 0.1669921875
74.0 0.16748046875
76.0 0.16748046875
78.0 0.16748046875
80.0 0.16748046875
82.0 0.16748046875
84.0 0.16748046875
86.0 0.16748046875
88.0 0.16748046875
90.0 0.16796875
92.0 0.16796875
94.0 0.16748046875
96.0 0.16796875
99.0 0.16796875
101.0 0.16796875
103.0 0.16796875
105.0 0.16845703125
107.0 0.16845703125
109.0 0.16796875
111.0 0.16845703125
113.0 0.16845703125
115.0 0.16845703125
117.0 0.16845703125
119.0 0.1689453125
121.0 0.1689453125
123.0 0.1689453125
125.0 0.16943359375
127.0 0.16943359375
129.0 0.16943359375
131.0 0.16943359375
134.0 0.16943359375
136.0 0.169921875
138.0 0.169921875
140.0 0.17041015625
142.0 0.17041015625
144.0 0.17041015625
146.0 0.17041015625
148.0 0.1708984375
150.0 0.17041015625
152.0 0.1708984375
154.0 0.17138671875
156.0 0.1708984375
158.0 0.17138671875
160.0 0.17138671875
162.0 0.17138671875
164.0 0.17138671875
166.0 0.17138671875
168.0 0.17138671875
170.0 0.17138671875
173.0 0.17138671875
175.0 0.17138671875
177.0 0.171875
179.0 0.171875
181.0 0.171875
183.0 0.171875
185.0 0.171875
187.0 0.171875
189.0 0.17236328125
191.0 0.17236328125
193.0 0.17236328125
195.0 0.17236328125
197.0 0.17236328125
199.0 0.17236328125
201.0 0.1728515625
203.0 0.17236328125
205.0 0.1728515625
208.0 0.1728515625
210.0 0.1728515625
212.0 0.1728515625
214.0 0.1728515625
216.0 0.1728515625
218.0 0.17333984375
220.0 0.1728515625
222.0 0.17333984375
224.0 0.17333984375
226.0 0.17333984375
228.0 0.17333984375
230.0 0.17333984375
232.0 0.17333984375
234.0 0.17333984375
236.0 0.17333984375
238.0 0.173828125
240.0 0.17333984375
243.0 0.17333984375
245.0 0.17333984375
247.0 0.17333984375
249.0 0.17333984375
251.0 0.173828125
253.0 0.173828125
255.0 0.173828125
257.0 0.173828125
259.0 0.173828125
261.0 0.173828125
263.0 0.173828125
265.0 0.173828125
267.0 0.173828125
269.0 0.173828125
271.0 0.173828125
273.0 0.173828125
276.0 0.173828125
278.0 0.173828125
280.0 0.173828125
282.0 0.173828125
284.0 0.17431640625
286.0 0.17431640625
288.0 0.173828125
290.0 0.17431640625
292.0 0.17431640625
294.0 0.17431640625
296.0 0.17431640625
298.0 0.17431640625
300.0 0.17431640625
302.0 0.17431640625
304.0 0.17431640625
306.0 0.17431640625
308.0 0.17431640625
311.0 0.17431640625
313.0 0.17431640625
315.0 0.17431640625
317.0 0.1748046875
319.0 0.1748046875
321.0 0.1748046875
323.0 0.1748046875
325.0 0.1748046875
327.0 0.1748046875
329.0 0.17431640625
331.0 0.1748046875
333.0 0.1748046875
335.0 0.1748046875
337.0 0.1748046875
339.0 0.1748046875
341.0 0.1748046875
343.0 0.1748046875
345.0 0.1748046875
347.0 0.17529296875
349.0 0.1748046875
351.0 0.1748046875
354.0 0.1748046875
356.0 0.1748046875
358.0 0.1748046875
360.0 0.1748046875
362.0 0.1748046875
364.0 0.1748046875
366.0 0.1748046875
368.0 0.1748046875
370.0 0.1748046875
372.0 0.1748046875
374.0 0.1748046875
376.0 0.1748046875
378.0 0.1748046875
380.0 0.1748046875
382.0 0.17529296875
384.0 0.1748046875
387.0 0.1748046875
389.0 0.17529296875
391.0 0.17529296875
393.0 0.17529296875
395.0 0.17529296875
397.0 0.1748046875
399.0 0.17529296875
401.0 0.1748046875
403.0 0.17529296875
405.0 0.1748046875
407.0 0.17529296875
409.0 0.17529296875
411.0 0.17529296875
413.0 0.17529296875
415.0 0.17529296875
417.0 0.17529296875
419.0 0.17529296875
422.0 0.17529296875
424.0 0.17529296875
426.0 0.17529296875
428.0 0.17529296875
430.0 0.17529296875
432.0 0.17529296875
434.0 0.17529296875
436.0 0.17529296875
438.0 0.17529296875
440.0 0.17529296875
442.0 0.17529296875
444.0 0.17529296875
446.0 0.17529296875
448.0 0.17529296875
450.0 0.17529296875
452.0 0.17529296875
454.0 0.17529296875
456.0 0.17529296875
458.0 0.17529296875
460.0 0.17529296875
463.0 0.17529296875
465.0 0.17529296875
467.0 0.17529296875
469.0 0.17529296875
471.0 0.17529296875
473.0 0.17578125
475.0 0.17529296875
477.0 0.17529296875
479.0 0.17578125
481.0 0.17529296875
483.0 0.17578125
485.0 0.17578125
487.0 0.17529296875
489.0 0.17529296875
491.0 0.17578125
494.0 0.17578125
496.0 0.17578125
498.0 0.17529296875
500.0 0.17529296875
502.0 0.17578125
504.0 0.17578125
506.0 0.17578125
508.0 0.17529296875
510.0 0.17578125
512.0 0.17529296875
514.0 0.17578125
516.0 0.17578125
518.0 0.17578125
520.0 0.17529296875
522.0 0.17529296875
525.0 0.17529296875
527.0 0.17578125
529.0 0.17578125
531.0 0.17529296875
533.0 0.17578125
535.0 0.17578125
537.0 0.17578125
539.0 0.17578125
541.0 0.17529296875
543.0 0.17578125
545.0 0.17529296875
547.0 0.17578125
549.0 0.17578125
551.0 0.17578125
553.0 0.17578125
555.0 0.17578125
557.0 0.17578125
559.0 0.17578125
562.0 0.17578125
564.0 0.17578125
566.0 0.17578125
568.0 0.17578125
570.0 0.17578125
572.0 0.17578125
574.0 0.17578125
576.0 0.17578125
578.0 0.17578125
580.0 0.17578125
582.0 0.17578125
584.0 0.17626953125
586.0 0.17578125
588.0 0.17578125
590.0 0.17578125
592.0 0.17578125
595.0 0.17578125
597.0 0.17626953125
599.0 0.17578125
601.0 0.17578125
603.0 0.17578125
605.0 0.17578125
607.0 0.17578125
609.0 0.17578125
611.0 0.17578125
613.0 0.17578125
615.0 0.17578125
617.0 0.17578125
619.0 0.17578125
622.0 0.17578125
624.0 0.17578125
626.0 0.17626953125
628.0 0.17578125
630.0 0.17578125
632.0 0.17578125
634.0 0.17578125
636.0 0.17578125
638.0 0.17578125
640.0 0.17578125
642.0 0.17578125
644.0 0.17578125
646.0 0.17578125
648.0 0.17578125
650.0 0.17578125
652.0 0.17578125
654.0 0.17626953125
657.0 0.17578125
659.0 0.17578125
661.0 0.17578125
663.0 0.17626953125
665.0 0.17626953125
667.0 0.17626953125
669.0 0.17578125
671.0 0.17578125
673.0 0.17578125
675.0 0.17578125
677.0 0.17578125
679.0 0.17578125
681.0 0.17578125
683.0 0.17578125
685.0 0.17626953125
687.0 0.17578125
689.0 0.17578125
691.0 0.17578125
694.0 0.17626953125
696.0 0.17578125
698.0 0.17578125
700.0 0.17578125
702.0 0.17626953125
704.0 0.17626953125
706.0 0.17626953125
708.0 0.17626953125
710.0 0.17626953125
712.0 0.17578125
714.0 0.17578125
716.0 0.17578125
718.0 0.17578125
720.0 0.17578125
722.0 0.17626953125
725.0 0.17578125
727.0 0.17578125
729.0 0.17626953125
731.0 0.17578125
733.0 0.17578125
735.0 0.17578125
737.0 0.17578125
739.0 0.17578125
741.0 0.17578125
743.0 0.17578125
745.0 0.17578125
747.0 0.17578125
749.0 0.17578125
