name: Benzene
heating ramp rate: 0.5
VOC concentration: 0.05
0.0 0.15771484375
2.0 0.1572265625
4.0 0.15771484375
6.0 0.1572265625
8.0 0.1572265625
10.0 0.15771484375
12.0 0.15771484375
14.0 0.15771484375
16.0 0.15771484375
18.0 0.15771484375
21.0 0.15771484375
23.0 0.158203125
25.0 0.15869140625
27.0 0.158203125
29.0 0.15869140625
31.0 0.15869140625
33.0 0.1591796875
35.0 0.1591796875
37.0 0.1591796875
39.0 0.1591796875
41.0 0.1591796875
43.0 0.15966796875
46.0 0.1591796875
48.0 0.15966796875
50.0 0.15966796875
52.0 0.15966796875
54.0 0.15966796875
56.0 0.15966796875
58.0 0.15966796875
60.0 0.15966796875
62.0 0.1591796875
64.0 0.1591796875
66.0 0.1591796875
68.0 0.1591796875
70.0 0.1591796875
72.0 0.1591796875
74.0 0.15869140625
77.0 0.1591796875
79.0 0.1591796875
81.0 0.158203125
83.0 0.15869140625
85.0 0.15869140625
87.0 0.15869140625
89.0 0.15869140625
91.0 0.158203125
93.0 0.15869140625
95.0 0.158203125
97.0 0.158203125
99.0 0.158203125
101.0 0.158203125
103.0 0.158203125
105.0 0.15869140625
107.0 0.15869140625
109.0 0.158203125
112.0 0.158203125
114.0 0.158203125
116.0 0.158203125
118.0 0.158203125
120.0 0.158203125
122.0 0.158203125
124.0 0.158203125
126.0 0.15869140625
128.0 0.158203125
130.0 0.158203125
132.0 0.158203125
134.0 0.158203125
136.0 0.15869140625
138.0 0.15869140625
141.0 0.158203125
143.0 0.15869140625
145.0 0.15869140625
147.0 0.158203125
149.0 0.158203125
151.0 0.158203125
153.0 0.158203125
155.0 0.15869140625
157.0 0.15869140625
159.0 0.15869140625
161.0 0.15869140625
163.0 0.15869140625
165.0 0.15869140625
167.0 0.15869140625
169.0 0.15869140625
172.0 0.1591796875
174.0 0.15869140625
176.0 0.15869140625
178.0 0.15869140625
180.0 0.15869140625
182.0 0.15869140625
184.0 0.1591796875
186.0 0.1591796875
188.0 0.15869140625
190.0 0.15869140625
192.0 0.1591796875
194.0 0.1591796875
196.0 0.15869140625
198.0 0.1591796875
200.0 0.15869140625
202.0 0.15869140625
204.0 0.1591796875
206.0 0.1591796875
208.0 0.1591796875
211.0 0.1591796875
213.0 0.1591796875
215.0 0.15869140625
217.0 0.1591796875
219.0 0.1591796875
221.0 0.1591796875
223.0 0.1591796875
225.0 0.1591796875
227.0 0.1591796875
229.0 0.1591796875
231.0 0.1591796875
233.0 0.1591796875
235.0 0.1591796875
237.0 0.15966796875
240.0 0.1591796875
242.0 0.1591796875
244.0 0.15966796875
246.0 0.1591796875
248.0 0.1591796875
250.0 0.1591796875
252.0 0.1591796875
254.0 0.15966796875
256.0 0.15966796875
258.0 0.1591796875
260.0 0.1591796875
262.0 0.1591796875
264.0 0.1591796875
266.0 0.15966796875
268.0 0.15966796875
270.0 0.1591796875
272.0 0.15966796875
274.0 0.15966796875
277.0 0.15966796875
279.0 0.15966796875
281.0 0.15966796875
283.0 0.1591796875
285.0 0.15966796875
287.0 0.15966796875
289.0 0.15966796875
291.0 0.15966796875
293.0 0.15966796875
295.0 0.15966796875
297.0 0.15966796875
299.0 0.15966796875
301.0 0.15966796875
303.0 0.15966796875
305.0 0.16015625
307.0 0.15966796875
309.0 0.15966796875
312.0 0.15966796875
314.0 0.15966796875
316.0 0.15966796875
318.0 0.15966796875
320.0 0.16015625
322.0 0.16015625
324.0 0.16015625
326.0 0.15966796875
328.0 0.15966796875
330.0 0.16015625
332.0 0.1591796875
334.0 0.15966796875
336.0 0.15966796875
338.0 0.15966796875
340.0 0.15966796875
342.0 0.15966796875
345.0 0.16015625
347.0 0.15966796875
349.0 0.15966796875
351.0 0.16015625
353.0 0.16015625
355.0 0.16015625
357.0 0.16015625
359.0 0.16015625
361.0 0.15966796875
363.0 0.16015625
365.0 0.16015625
367.0 0.16015625
369.0 0.16015625
371.0 0.16015625
373.0 0.16015625
375.0 0.16015625
378.0 0.16015625
380.0 0.16015625
382.0 0.16015625
384.0 0.16015625
386.0 0.16015625
388.0 0.16015625
390.0 0.16015625
392.0 0.16015625
394.0 0.16015625
396.0 0.16015625
398.0 0.16015625
400.0 0.16015625
402.0 0.16015625
405.0 0.16015625
407.0 0.16015625
409.0 0.16015625
411.0 0.16015625
413.0 0.16015625
415.0 0.16015625
417.0 0.16015625
419.0 0.16015625
421.0 0.16015625
423.0 0.16015625
425.0 0.16015625
427.0 0.16015625
430.0 0.16064453125
432.0 0.16015625
434.0 0.16015625
436.0 0.16064453125
438.0 0.16015625
440.0 0.16015625
442.0 0.16015625
444.0 0.16015625
446.0 0.16015625
448.0 0.16015625
450.0 0.16064453125
452.0 0.16015625
454.0 0.16015625
456.0 0.16015625
458.0 0.16015625
461.0 0.16015625
463.0 0.16015625
465.0 0.16064453125
467.0 0.16015625
469.0 0.16064453125
471.0 0.16015625
473.0 0.16015625
475.0 0.16064453125
477.0 0.16015625
479.0 0.16064453125
481.0 0.16064453125
483.0 0.16064453125
485.0 0.16064453125
487.0 0.16064453125
489.0 0.16015625
491.0 0.16064453125
493.0 0.16015625
496.0 0.16015625
498.0 0.16015625
500.0 0.16064453125
502.0 0.16064453125
504.0 0.16064453125
506.0 0.16064453125
508.0 0.16015625
510.0 0.16064453125
512.0 0.16064453125
514.0 0.16064453125
516.0 0.16015625
518.0 0.16064453125
520.0 0.16064453125
522.0 0.16064453125
524.0 0.16064453125
527.0 0.16064453125
529.0 0.16064453125
531.0 0.16064453125
533.0 0.16064453125
535.0 0.16064453125
537.0 0.16064453125
539.0 0.16064453125
541.0 0.16064453125
543.0 0.16064453125
545.0 0.16064453125
547.0 0.16064453125
549.0 0.16064453125
551.0 0.16064453125
553.0 0.16015625
556.0 0.16064453125
558.0 0.16064453125
560.0 0.16064453125
562.0 0.1611328125
564.0 0.16064453125
566.0 0.16064453125
568.0 0.16064453125
570.0 0.16064453125
572.0 0.16064453125
574.0 0.1611328125
576.0 0.16064453125
578.0 0.16064453125
580.0 0.16064453125
582.0 0.1611328125
584.0 0.16064453125
586.0 0.16064453125
588.0 0.16015625
590.0 0.16064453125
593.0 0.16064453125
595.0 0.16064453125
597.0 0.16064453125
599.0 0.1611328125
601.0 0.16064453125
603.0 0.16064453125
605.0 0.16064453125
607.0 0.16064453125
609.0 0.1611328125
611.0 0.1611328125
613.0 0.16064453125
615.0 0.16064453125
617.0 0.1611328125
619.0 0.1611328125
621.0 0.16064453125
623.0 0.16064453125
625.0 0.16064453125
627.0 0.16064453125
630.0 0.16064453125
632.0 0.16064453125
634.0 0.1611328125
636.0 0.16064453125
638.0 0.16064453125
640.0 0.1611328125
642.0 0.16064453125
644.0 0.16064453125
646.0 0.16064453125
648.0 0.1611328125
650.0 0.1611328125
652.0 0.16064453125
654.0 0.1611328125
656.0 0.16064453125
658.0 0.16064453125
660.0 0.16064453125
663.0 0.16064453125
665.0 0.1611328125
667.0 0.1611328125
669.0 0.16064453125
671.0 0.16064453125
673.0 0.1611328125
675.0 0.1611328125
677.0 0.16064453125
679.0 0.16064453125
681.0 0.16064453125
683.0 0.1611328125
685.0 0.16064453125
687.0 0.16064453125
689.0 0.16064453125
691.0 0.16064453125
693.0 0.16064453125
696.0 0.1611328125
698.0 0.1611328125
700.0 0.1611328125
702.0 0.1611328125
704.0 0.1611328125
706.0 0.16064453125
708.0 0.1611328125
710.0 0.1611328125
712.0 0.1611328125
714.0 0.16064453125
716.0 0.1611328125
718.0 0.16064453125
720.0 0.1611328125
722.0 0.1611328125
724.0 0.1611328125
726.0 0.1611328125
728.0 0.1611328125
730.0 0.16064453125
732.0 0.1611328125
735.0 0.1611328125
737.0 0.1611328125
739.0 0.16064453125
741.0 0.1611328125
743.0 0.16064453125
745.0 0.1611328125
747.0 0.16064453125
749.0 0.1611328125
751.0 0.1611328125
