name: Benzaldehyde
heating ramp rate: 0.5
VOC concentration: 0.032
0.0 0.1611328125
2.0 0.1611328125
4.0 0.1611328125
6.0 0.1611328125
8.0 0.1611328125
11.0 0.1611328125
13.0 0.1611328125
15.0 0.1611328125
17.0 0.1611328125
19.0 0.1611328125
21.0 0.1611328125
23.0 0.1611328125
25.0 0.1611328125
27.0 0.1611328125
29.0 0.1611328125
31.0 0.1611328125
33.0 0.1611328125
35.0 0.1611328125
37.0 0.1611328125
39.0 0.1611328125
41.0 0.1611328125
43.0 0.1611328125
46.0 0.1611328125
48.0 0.1611328125
50.0 0.1611328125
52.0 0.1611328125
54.0 0.1611328125
56.0 0.1611328125
58.0 0.1611328125
60.0 0.1611328125
62.0 0.1611328125
64.0 0.1611328125
66.0 0.1611328125
68.0 0.1611328125
70.0 0.1611328125
72.0 0.1611328125
74.0 0.1611328125
76.0 0.1611328125
79.0 0.1611328125
81.0 0.16064453125
83.0 0.1611328125
85.0 0.1611328125
87.0 0.1611328125
89.0 0.1611328125
91.0 0.16064453125
93.0 0.16064453125
95.0 0.1611328125
97.0 0.1611328125
99.0 0.1611328125
101.0 0.1611328125
103.0 0.1611328125
105.0 0.1611328125
107.0 0.1611328125
109.0 0.1611328125
111.0 0.16064453125
113.0 0.1611328125
116.0 0.16064453125
118.0 0.1611328125
120.0 0.16064453125
122.0 0.1611328125
124.0 0.16064453125
126.0 0.16064453125
128.0 0.1611328125
130.0 0.1611328125
132.0 0.1611328125
134.0 0.1611328125
136.0 0.1611328125
138.0 0.1611328125
140.0 0.1611328125
142.0 0.1611328125
144.0 0.1611328125
146.0 0.1611328125
148.0 0.1611328125
150.0 0.1611328125
152.0 0.1611328125
155.0 0.1611328125
157.0 0.1611328125
159.0 0.1611328125
161.0 0.1611328125
163.0 0.1611328125
165.0 0.1611328125
167.0 0.1611328125
169.0 0.1611328125
171.0 0.1611328125
173.0 0.1611328125
175.0 0.1611328125
177.0 0.16162109375
179.0 0.1611328125
181.0 0.16162109375
183.0 0.1611328125
185.0 0.1611328125
187.0 0.1611328125
190.0 0.16162109375
192.0 0.16162109375
194.0 0.16162109375
196.0 0.16162109375
198.0 0.1611328125
200.0 0.1611328125
202.0 0.1611328125
204.0 0.1611328125
206.0 0.16162109375
208.0 0.16162109375
210.0 0.16162109375
212.0 0.16162109375
214.0 0.16162109375
216.0 0.16162109375
218.0 0.16162109375
220.0 0.16162109375
223.0 0.16162109375
225.0 0.16162109375
227.0 0.16162109375
229.0 0.16162109375
231.0 0.16162109375
233.0 0.16162109375
235.0 0.16162109375
237.0 0.16162109375
239.0 0.16162109375
241.0 0.1611328125
243.0 0.162109375
245.0 0.16162109375
247.0 0.16162109375
249.0 0.16162109375
251.0 0.16162109375
253.0 0.16162109375
255.0 0.16162109375
257.0 0.16162109375
260.0 0.16162109375
262.0 0.16162109375
264.0 0.16162109375
266.0 0.16162109375
268.0 0.16162109375
270.0 0.162109375
272.0 0.162109375
274.0 0.16162109375
276.0 0.16162109375
278.0 0.162109375
280.0 0.16162109375
282.0 0.16162109375
284.0 0.16162109375
286.0 0.16162109375
288.0 0.16162109375
291.0 0.16162109375
293.0 0.16162109375
295.0 0.16162109375
297.0 0.16162109375
299.0 0.16162109375
301.0 0.16162109375
303.0 0.16162109375
305.0 0.16162109375
307.0 0.16162109375
309.0 0.162109375
311.0 0.162109375
313.0 0.16162109375
315.0 0.16162109375
317.0 0.16162109375
319.0 0.162109375
321.0 0.16162109375
323.0 0.162109375
326.0 0.16162109375
328.0 0.162109375
330.0 0.162109375
332.0 0.162109375
334.0 0.162109375
336.0 0.162109375
338.0 0.162109375
340.0 0.162109375
342.0 0.162109375
344.0 0.16162109375
346.0 0.162109375
348.0 0.162109375
350.0 0.162109375
352.0 0.162109375
354.0 0.162109375
356.0 0.16162109375
358.0 0.162109375
361.0 0.162109375
363.0 0.162109375
365.0 0.162109375
367.0 0.162109375
369.0 0.16162109375
371.0 0.162109375
373.0 0.162109375
375.0 0.162109375
377.0 0.162109375
379.0 0.162109375
381.0 0.162109375
383.0 0.162109375
385.0 0.162109375
387.0 0.162109375
389.0 0.162109375
391.0 0.162109375
393.0 0.162109375
395.0 0.162109375
398.0 0.162109375
400.0 0.162109375
402.0 0.162109375
404.0 0.162109375
406.0 0.162109375
408.0 0.162109375
410.0 0.162109375
412.0 0.162109375
414.0 0.162109375
416.0 0.162109375
418.0 0.162109375
420.0 0.162109375
422.0 0.162109375
424.0 0.162109375
426.0 0.162109375
428.0 0.162109375
431.0 0.162109375
433.0 0.162109375
435.0 0.162109375
437.0 0.162109375
439.0 0.162109375
441.0 0.16259765625
443.0 0.162109375
445.0 0.162109375
447.0 0.162109375
449.0 0.162109375
451.0 0.162109375
453.0 0.162109375
455.0 0.16259765625
457.0 0.162109375
459.0 0.16259765625
461.0 0.162109375
463.0 0.162109375
465.0 0.162109375
468.0 0.162109375
470.0 0.162109375
472.0 0.162109375
474.0 0.162109375
476.0 0.16259765625
478.0 0.162109375
480.0 0.162109375
482.0 0.16259765625
484.0 0.162109375
486.0 0.162109375
488.0 0.162109375
490.0 0.162109375
492.0 0.162109375
494.0 0.162109375
496.0 0.162109375
498.0 0.162109375
500.0 0.16259765625
502.0 0.162109375
505.0 0.162109375
507.0 0.16259765625
509.0 0.162109375
511.0 0.162109375
513.0 0.162109375
515.0 0.162109375
517.0 0.16259765625
519.0 0.162109375
521.0 0.162109375
523.0 0.16259765625
525.0 0.162109375
527.0 0.162109375
529.0 0.16259765625
531.0 0.16259765625
533.0 0.16259765625
536.0 0.16259765625
538.0 0.16259765625
540.0 0.16259765625
542.0 0.162109375
544.0 0.162109375
546.0 0.16259765625
548.0 0.162109375
550.0 0.162109375
552.0 0.16259765625
554.0 0.16259765625
556.0 0.16259765625
558.0 0.16259765625
560.0 0.16259765625
562.0 0.16259765625
564.0 0.16259765625
566.0 0.162109375
568.0 0.16259765625
571.0 0.16259765625
573.0 0.16259765625
575.0 0.162109375
577.0 0.16259765625
579.0 0.16259765625
581.0 0.16259765625
583.0 0.16259765625
585.0 0.16259765625
587.0 0.16259765625
589.0 0.16259765625
591.0 0.16259765625
593.0 0.16259765625
595.0 0.16259765625
597.0 0.16259765625
599.0 0.16259765625
601.0 0.16259765625
604.0 0.162109375
606.0 0.16259765625
608.0 0.16259765625
610.0 0.16259765625
612.0 0.16259765625
614.0 0.16259765625
616.0 0.16259765625
618.0 0.16259765625
620.0 0.16259765625
622.0 0.16259765625
624.0 0.16259765625
626.0 0.16259765625
628.0 0.16259765625
630.0 0.16259765625
632.0 0.16259765625
634.0 0.16259765625
636.0 0.16259765625
638.0 0.16259765625
640.0 0.16259765625
642.0 0.16259765625
645.0 0.16259765625
647.0 0.16259765625
649.0 0.16259765625
651.0 0.16259765625
653.0 0.16259765625
655.0 0.16259765625
657.0 0.16259765625
659.0 0.16259765625
661.0 0.16259765625
663.0 0.1630859375
665.0 0.16259765625
667.0 0.16259765625
669.0 0.16259765625
671.0 0.16259765625
673.0 0.16259765625
675.0 0.16259765625
677.0 0.16259765625
679.0 0.16259765625
681.0 0.16259765625
684.0 0.16259765625
686.0 0.16259765625
688.0 0.16259765625
690.0 0.1630859375
692.0 0.1630859375
694.0 0.16259765625
696.0 0.16259765625
698.0 0.16259765625
700.0 0.16259765625
702.0 0.16259765625
704.0 0.1630859375
706.0 0.16259765625
708.0 0.16259765625
710.0 0.1630859375
712.0 0.1630859375
714.0 0.16259765625
716.0 0.16259765625
719.0 0.16259765625
721.0 0.16259765625
723.0 0.16259765625
725.0 0.1630859375
727.0 0.16259765625
729.0 0.16259765625
731.0 0.16259765625
733.0 0.16259765625
735.0 0.16259765625
737.0 0.16259765625
739.0 0.16259765625
741.0 0.16259765625
743.0 0.16259765625
745.0 0.16259765625
747.0 0.1630859375
749.0 0.16259765625
751.0 0.16259765625
