name: Benzene
heating ramp rate: 0.5
VOC concentration: 0.032
0.0 0.1513671875
2.0 0.1513671875
4.0 0.15185546875
6.0 0.1513671875
8.0 0.15185546875
10.0 0.1513671875
12.0 0.1513671875
14.0 0.1513671875
16.0 0.15185546875
18.0 0.15185546875
20.0 0.1513671875
22.0 0.1513671875
24.0 0.15185546875
26.0 0.1513671875
28.0 0.15185546875
30.0 0.15185546875
33.0 0.1513671875
35.0 0.15185546875
37.0 0.15185546875
39.0 0.15185546875
41.0 0.15185546875
43.0 0.15185546875
45.0 0.1513671875
47.0 0.1513671875
49.0 0.1513671875
51.0 0.15185546875
53.0 0.15185546875
55.0 0.15185546875
57.0 0.1513671875
59.0 0.15185546875
62.0 0.15185546875
64.0 0.15185546875
66.0 0.1513671875
68.0 0.15185546875
70.0 0.15185546875
72.0 0.15185546875
74.0 0.15185546875
76.0 0.1513671875
78.0 0.1513671875
80.0 0.1513671875
82.0 0.15185546875
84.0 0.15185546875
86.0 0.1513671875
88.0 0.1513671875
90.0 0.1513671875
92.0 0.15185546875
94.0 0.1513671875
97.0 0.15185546875
99.0 0.1513671875
101.0 0.15185546875
103.0 0.15185546875
105.0 0.1513671875
107.0 0.1513671875
109.0 0.1513671875
111.0 0.1513671875
113.0 0.15185546875
115.0 0.15185546875
117.0 0.15185546875
119.0 0.15185546875
121.0 0.1513671875
123.0 0.1513671875
125.0 0.1513671875
127.0 0.1513671875
129.0 0.15185546875
131.0 0.15185546875
133.0 0.15185546875
135.0 0.15185546875
137.0 0.15185546875
139.0 0.15185546875
142.0 0.1513671875
144.0 0.15185546875
146.0 0.1513671875
148.0 0.15185546875
150.0 0.1513671875
152.0 0.15185546875
154.0 0.1513671875
156.0 0.15185546875
158.0 0.15185546875
160.0 0.15185546875
162.0 0.1513671875
164.0 0.15185546875
166.0 0.15185546875
168.0 0.15185546875
171.0 0.15185546875
173.0 0.15185546875
175.0 0.15185546875
177.0 0.15185546875
179.0 0.15185546875
181.0 0.15185546875
183.0 0.15185546875
185.0 0.15185546875
187.0 0.15185546875
189.0 0.15185546875
191.0 0.15185546875
193.0 0.15185546875
195.0 0.15185546875
197.0 0.15234375
199.0 0.15234375
201.0 0.15185546875
203.0 0.15185546875
205.0 0.15234375
207.0 0.15234375
209.0 0.15234375
211.0 0.15234375
213.0 0.15234375
215.0 0.15234375
218.0 0.15185546875
220.0 0.15185546875
222.0 0.15234375
224.0 0.15185546875
226.0 0.15234375
228.0 0.15234375
230.0 0.15234375
232.0 0.15234375
234.0 0.15234375
236.0 0.15234375
238.0 0.15234375
240.0 0.15234375
242.0 0.15234375
244.0 0.15234375
246.0 0.15234375
248.0 0.15283203125
251.0 0.15234375
253.0 0.15283203125
255.0 0.15283203125
257.0 0.15234375
259.0 0.15283203125
261.0 0.15234375
263.0 0.15234375
265.0 0.15283203125
267.0 0.15234375
269.0 0.15234375
271.0 0.15283203125
273.0 0.15234375
275.0 0.15283203125
278.0 0.15283203125
280.0 0.15283203125
282.0 0.15283203125
284.0 0.15234375
286.0 0.15283203125
288.0 0.15283203125
290.0 0.15234375
292.0 0.15234375
294.0 0.15283203125
296.0 0.15234375
298.0 0.15283203125
300.0 0.15283203125
302.0 0.15283203125
305.0 0.15283203125
307.0 0.15283203125
309.0 0.15283203125
311.0 0.15283203125
313.0 0.15283203125
315.0 0.15234375
317.0 0.15283203125
319.0 0.15283203125
321.0 0.15283203125
323.0 0.15283203125
325.0 0.15283203125
328.0 0.15283203125
330.0 0.15283203125
332.0 0.15283203125
334.0 0.1533203125
336.0 0.15283203125
338.0 0.1533203125
340.0 0.15234375
342.0 0.15283203125
344.0 0.15283203125
346.0 0.15283203125
348.0 0.15283203125
350.0 0.15283203125
352.0 0.15283203125
354.0 0.15283203125
356.0 0.15283203125
358.0 0.15283203125
360.0 0.15283203125
362.0 0.15283203125
364.0 0.15283203125
366.0 0.15283203125
369.0 0.1533203125
371.0 0.15283203125
373.0 0.15283203125
375.0 0.15283203125
377.0 0.15283203125
379.0 0.15283203125
381.0 0.15283203125
383.0 0.15283203125
385.0 0.1533203125
387.0 0.15283203125
389.0 0.15283203125
391.0 0.1533203125
393.0 0.1533203125
395.0 0.15283203125
397.0 0.1533203125
400.0 0.15283203125
402.0 0.1533203125
404.0 0.1533203125
406.0 0.15283203125
408.0 0.15283203125
410.0 0.15283203125
412.0 0.1533203125
414.0 0.1533203125
416.0 0.15283203125
418.0 0.1533203125
420.0 0.1533203125
422.0 0.1533203125
424.0 0.15283203125
426.0 0.1533203125
428.0 0.1533203125
430.0 0.1533203125
432.0 0.1533203125
434.0 0.15283203125
436.0 0.1533203125
438.0 0.1533203125
441.0 0.1533203125
443.0 0.1533203125
445.0 0.1533203125
447.0 0.1533203125
449.0 0.1533203125
451.0 0.1533203125
453.0 0.1533203125
455.0 0.1533203125
457.0 0.1533203125
459.0 0.15380859375
461.0 0.1533203125
463.0 0.1533203125
465.0 0.1533203125
467.0 0.1533203125
469.0 0.1533203125
471.0 0.1533203125
474.0 0.1533203125
476.0 0.1533203125
478.0 0.1533203125
480.0 0.1533203125
482.0 0.15380859375
484.0 0.1533203125
486.0 0.1533203125
488.0 0.1533203125
490.0 0.1533203125
492.0 0.1533203125
494.0 0.1533203125
496.0 0.1533203125
498.0 0.1533203125
500.0 0.1533203125
503.0 0.1533203125
505.0 0.1533203125
507.0 0.1533203125
509.0 0.1533203125
511.0 0.1533203125
513.0 0.15380859375
515.0 0.15380859375
517.0 0.15380859375
519.0 0.1533203125
521.0 0.1533203125
523.0 0.1533203125
525.0 0.1533203125
527.0 0.15380859375
529.0 0.1533203125
531.0 0.1533203125
533.0 0.1533203125
535.0 0.1533203125
537.0 0.1533203125
540.0 0.1533203125
542.0 0.15380859375
544.0 0.15380859375
546.0 0.1533203125
548.0 0.1533203125
550.0 0.1533203125
552.0 0.1533203125
554.0 0.1533203125
556.0 0.1533203125
558.0 0.15380859375
560.0 0.1533203125
562.0 0.1533203125
564.0 0.1533203125
566.0 0.15380859375
568.0 0.1533203125
570.0 0.15380859375
572.0 0.15380859375
574.0 0.15380859375
577.0 0.15380859375
579.0 0.15380859375
581.0 0.15380859375
583.0 0.1533203125
585.0 0.1533203125
587.0 0.1533203125
589.0 0.15380859375
591.0 0.1533203125
593.0 0.1533203125
595.0 0.15380859375
597.0 0.1533203125
599.0 0.1533203125
601.0 0.1533203125
603.0 0.15380859375
605.0 0.15380859375
608.0 0.1533203125
610.0 0.15380859375
612.0 0.15380859375
614.0 0.15380859375
616.0 0.15380859375
618.0 0.15380859375
620.0 0.1533203125
622.0 0.15380859375
624.0 0.15380859375
626.0 0.15380859375
628.0 0.15380859375
630.0 0.15380859375
632.0 0.15380859375
634.0 0.15380859375
636.0 0.15380859375
638.0 0.15380859375
641.0 0.15380859375
643.0 0.15380859375
645.0 0.15380859375
647.0 0.15380859375
649.0 0.15380859375
652.0 0.15380859375
654.0 0.15380859375
656.0 0.15380859375
657.0 0.1533203125
659.0 0.15380859375
661.0 0.15380859375
665.0 0.1533203125
666.0 0.15380859375
668.0 0.15380859375
670.0 0.15380859375
672.0 0.15380859375
674.0 0.15380859375
676.0 0.15380859375
678.0 0.15380859375
680.0 0.15380859375
682.0 0.15380859375
684.0 0.15380859375
686.0 0.15380859375
688.0 0.154296875
690.0 0.15380859375
692.0 0.154296875
694.0 0.15380859375
696.0 0.15380859375
698.0 0.15380859375
701.0 0.15380859375
703.0 0.15380859375
705.0 0.15380859375
707.0 0.15380859375
709.0 0.15380859375
711.0 0.15380859375
713.0 0.15380859375
715.0 0.15380859375
717.0 0.15380859375
719.0 0.15380859375
721.0 0.15380859375
723.0 0.15380859375
725.0 0.15380859375
727.0 0.15380859375
730.0 0.15380859375
732.0 0.15380859375
734.0 0.15380859375
736.0 0.15380859375
738.0 0.15380859375
740.0 0.15380859375
742.0 0.15380859375
744.0 0.15380859375
746.0 0.15380859375
748.0 0.15380859375
750.0 0.15380859375
