name: IPA
heating ramp rate: 0.5
VOC concentration: 0.052
0.0 0.1689453125
2.0 0.1689453125
4.0 0.1689453125
6.0 0.1689453125
8.0 0.1689453125
10.0 0.1689453125
12.0 0.1689453125
14.0 0.16845703125
16.0 0.1689453125
18.0 0.1689453125
20.0 0.1689453125
22.0 0.1689453125
24.0 0.1689453125
26.0 0.1689453125
28.0 0.1689453125
30.0 0.1689453125
32.0 0.1689453125
34.0 0.1689453125
37.0 0.1689453125
39.0 0.16943359375
41.0 0.1689453125
43.0 0.1689453125
45.0 0.1689453125
47.0 0.1689453125
49.0 0.16943359375
51.0 0.1689453125
53.0 0.16943359375
55.0 0.16943359375
57.0 0.1689453125
59.0 0.16943359375
61.0 0.16943359375
63.0 0.16943359375
65.0 0.16943359375
67.0 0.16943359375
69.0 0.1689453125
72.0 0.16943359375
74.0 0.16943359375
76.0 0.16943359375
78.0 0.16943359375
80.0 0.16943359375
82.0 0.16943359375
84.0 0.16943359375
86.0 0.16943359375
88.0 0.16943359375
90.0 0.16943359375
92.0 0.16943359375
94.0 0.169921875
96.0 0.169921875
98.0 0.169921875
100.0 0.169921875
102.0 0.17041015625
104.0 0.169921875
106.0 0.169921875
109.0 0.17041015625
111.0 0.169921875
113.0 0.17041015625
115.0 0.17041015625
117.0 0.17041015625
119.0 0.1708984375
121.0 0.1708984375
123.0 0.1708984375
125.0 0.1708984375
127.0 0.17138671875
129.0 0.17138671875
131.0 0.171875
133.0 0.171875
135.0 0.171875
137.0 0.171875
139.0 0.171875
142.0 0.17236328125
144.0 0.17236328125
146.0 0.17236328125
148.0 0.17236328125
150.0 0.17236328125
152.0 0.1728515625
154.0 0.1728515625
156.0 0.1728515625
158.0 0.1728515625
160.0 0.1728515625
162.0 0.17236328125
164.0 0.1728515625
166.0 0.1728515625
168.0 0.1728515625
170.0 0.17236328125
172.0 0.17236328125
174.0 0.17236328125
177.0 0.17236328125
179.0 0.17236328125
181.0 0.17236328125
183.0 0.17236328125
185.0 0.17236328125
187.0 0.17236328125
189.0 0.17236328125
191.0 0.17236328125
193.0 0.17236328125
195.0 0.17236328125
197.0 0.1728515625
199.0 0.17236328125
201.0 0.17236328125
203.0 0.17236328125
205.0 0.17236328125
207.0 0.17236328125
209.0 0.17236328125
212.0 0.17236328125
214.0 0.17236328125
216.0 0.17236328125
218.0 0.17236328125
220.0 0.17236328125
222.0 0.17236328125
224.0 0.17236328125
226.0 0.17236328125
228.0 0.17236328125
230.0 0.17236328125
232.0 0.17236328125
234.0 0.171875
236.0 0.17236328125
238.0 0.17236328125
240.0 0.17236328125
242.0 0.17236328125
244.0 0.17236328125
247.0 0.17236328125
249.0 0.17236328125
251.0 0.17236328125
253.0 0.17236328125
255.0 0.17236328125
257.0 0.17236328125
259.0 0.17236328125
261.0 0.17236328125
263.0 0.171875
265.0 0.17236328125
267.0 0.17236328125
269.0 0.17236328125
271.0 0.17236328125
273.0 0.171875
275.0 0.171875
277.0 0.17236328125
279.0 0.17236328125
282.0 0.17236328125
284.0 0.17236328125
286.0 0.17236328125
288.0 0.17236328125
290.0 0.17236328125
292.0 0.17236328125
294.0 0.17236328125
296.0 0.17236328125
298.0 0.17236328125
300.0 0.17236328125
302.0 0.17236328125
304.0 0.17236328125
306.0 0.17236328125
308.0 0.17236328125
310.0 0.17236328125
312.0 0.17236328125
315.0 0.17236328125
317.0 0.17236328125
319.0 0.17236328125
321.0 0.17236328125
323.0 0.17236328125
325.0 0.17236328125
327.0 0.17236328125
329.0 0.171875
331.0 0.17236328125
333.0 0.17236328125
335.0 0.17236328125
337.0 0.17236328125
339.0 0.17236328125
341.0 0.17236328125
343.0 0.17236328125
345.0 0.171875
348.0 0.17236328125
350.0 0.17236328125
352.0 0.17236328125
354.0 0.17236328125
356.0 0.17236328125
358.0 0.17236328125
360.0 0.17236328125
362.0 0.17236328125
364.0 0.171875
366.0 0.171875
368.0 0.17236328125
370.0 0.171875
372.0 0.17236328125
374.0 0.17236328125
376.0 0.17236328125
378.0 0.17236328125
380.0 0.17236328125
383.0 0.171875
385.0 0.17236328125
387.0 0.17236328125
389.0 0.17236328125
391.0 0.17236328125
393.0 0.171875
395.0 0.17236328125
397.0 0.171875
399.0 0.17236328125
401.0 0.17236328125
403.0 0.17236328125
405.0 0.17236328125
407.0 0.17236328125
409.0 0.17236328125
411.0 0.171875
413.0 0.171875
415.0 0.171875
417.0 0.17236328125
420.0 0.17236328125
422.0 0.17236328125
424.0 0.17236328125
426.0 0.171875
428.0 0.17236328125
430.0 0.17236328125
432.0 0.17236328125
434.0 0.17236328125
436.0 0.171875
438.0 0.17236328125
440.0 0.171875
442.0 0.17236328125
444.0 0.171875
446.0 0.171875
448.0 0.171875
450.0 0.17236328125
452.0 0.17236328125
455.0 0.171875
457.0 0.17236328125
459.0 0.171875
461.0 0.171875
463.0 0.17236328125
465.0 0.17236328125
467.0 0.171875
469.0 0.171875
471.0 0.17236328125
473.0 0.17236328125
475.0 0.17236328125
477.0 0.17236328125
479.0 0.17236328125
481.0 0.171875
483.0 0.17236328125
485.0 0.171875
487.0 0.171875
489.0 0.171875
492.0 0.171875
494.0 0.171875
496.0 0.171875
498.0 0.17236328125
500.0 0.17236328125
502.0 0.17236328125
504.0 0.17236328125
506.0 0.171875
508.0 0.171875
510.0 0.171875
512.0 0.171875
514.0 0.171875
516.0 0.17236328125
518.0 0.17236328125
520.0 0.17236328125
522.0 0.171875
525.0 0.17236328125
527.0 0.17236328125
529.0 0.171875
531.0 0.171875
533.0 0.171875
535.0 0.17236328125
537.0 0.17236328125
539.0 0.171875
541.0 0.17236328125
543.0 0.171875
545.0 0.17236328125
547.0 0.17236328125
549.0 0.17236328125
551.0 0.171875
553.0 0.171875
555.0 0.17236328125
557.0 0.17236328125
559.0 0.171875
562.0 0.17236328125
564.0 0.17236328125
566.0 0.17236328125
568.0 0.17236328125
570.0 0.17236328125
572.0 0.17236328125
574.0 0.171875
576.0 0.171875
578.0 0.17236328125
580.0 0.17236328125
582.0 0.171875
584.0 0.171875
586.0 0.17236328125
588.0 0.171875
590.0 0.17236328125
592.0 0.171875
594.0 0.171875
597.0 0.171875
599.0 0.17236328125
601.0 0.17236328125
603.0 0.17236328125
605.0 0.171875
607.0 0.17236328125
609.0 0.17236328125
611.0 0.17236328125
613.0 0.17236328125
615.0 0.17236328125
617.0 0.171875
619.0 0.17236328125
621.0 0.17236328125
623.0 0.171875
625.0 0.17236328125
627.0 0.171875
629.0 0.17236328125
631.0 0.17236328125
634.0 0.17236328125
636.0 0.171875
638.0 0.171875
640.0 0.17236328125
642.0 0.17236328125
644.0 0.171875
646.0 0.171875
648.0 0.171875
650.0 0.17236328125
652.0 0.17236328125
654.0 0.171875
656.0 0.171875
658.0 0.171875
660.0 0.17236328125
662.0 0.17236328125
664.0 0.171875
666.0 0.17236328125
668.0 0.17236328125
671.0 0.17236328125
673.0 0.17236328125
675.0 0.17236328125
677.0 0.17236328125
679.0 0.17236328125
681.0 0.17236328125
683.0 0.171875
685.0 0.17236328125
687.0 0.17236328125
689.0 0.17236328125
691.0 0.17236328125
693.0 0.17236328125
695.0 0.17236328125
697.0 0.171875
699.0 0.17236328125
701.0 0.17236328125
704.0 0.171875
706.0 0.17236328125
708.0 0.17236328125
710.0 0.171875
712.0 0.17236328125
714.0 0.17236328125
716.0 0.17236328125
718.0 0.17236328125
720.0 0.171875
722.0 0.17236328125
724.0 0.17236328125
726.0 0.17236328125
728.0 0.17236328125
730.0 0.17236328125
732.0 0.17236328125
734.0 0.17236328125
736.0 0.17236328125
739.0 0.17236328125
741.0 0.17236328125
743.0 0.171875
745.0 0.171875
747.0 0.17236328125
749.0 0.171875
751.0 0.17236328125
