name: IPA
heating ramp rate: 0.5
VOC concentration: 0.05
0.0 0.1669921875
2.0 0.1669921875
4.0 0.16748046875
6.0 0.1669921875
8.0 0.1669921875
10.0 0.1669921875
12.0 0.16748046875
14.0 0.1669921875
16.0 0.1669921875
18.0 0.1669921875
20.0 0.1669921875
22.0 0.1669921875
24.0 0.1669921875
26.0 0.1669921875
28.0 0.16748046875
30.0 0.1669921875
33.0 0.1669921875
35.0 0.16748046875
37.0 0.16748046875
39.0 0.16748046875
41.0 0.16748046875
43.0 0.16748046875
45.0 0.1669921875
47.0 0.16748046875
49.0 0.16748046875
51.0 0.1669921875
53.0 0.16748046875
55.0 0.16748046875
57.0 0.16748046875
59.0 0.1669921875
61.0 0.16748046875
64.0 0.16748046875
66.0 0.1669921875
68.0 0.16748046875
70.0 0.1669921875
72.0 0.16748046875
74.0 0.1669921875
76.0 0.1669921875
78.0 0.1669921875
80.0 0.1669921875
82.0 0.1669921875
84.0 0.1669921875
86.0 0.1669921875
88.0 0.16650390625
90.0 0.16650390625
92.0 0.1669921875
94.0 0.1669921875
97.0 0.1669921875
99.0 0.1669921875
101.0 0.16650390625
103.0 0.1669921875
105.0 0.1669921875
107.0 0.1669921875
109.0 0.16748046875
111.0 0.1669921875
113.0 0.1669921875
115.0 0.1669921875
117.0 0.1669921875
119.0 0.1669921875
121.0 0.1669921875
123.0 0.1669921875
125.0 0.1669921875
127.0 0.1669921875
129.0 0.1669921875
132.0 0.1669921875
134.0 0.1669921875
136.0 0.1669921875
138.0 0.1669921875
140.0 0.1669921875
142.0 0.1669921875
144.0 0.1669921875
146.0 0.1669921875
148.0 0.16748046875
150.0 0.1669921875
152.0 0.1669921875
154.0 0.16748046875
156.0 0.16748046875
158.0 0.1669921875
160.0 0.16748046875
162.0 0.1669921875
164.0 0.16748046875
167.0 0.16748046875
169.0 0.16748046875
171.0 0.16748046875
173.0 0.16748046875
175.0 0.16748046875
177.0 0.16748046875
179.0 0.16748046875
181.0 0.16748046875
183.0 0.16748046875
185.0 0.1669921875
187.0 0.16748046875
189.0 0.16748046875
191.0 0.16748046875
193.0 0.16748046875
195.0 0.16748046875
197.0 0.16748046875
200.0 0.16748046875
202.0 0.16748046875
204.0 0.16748046875
206.0 0.16748046875
208.0 0.16796875
210.0 0.16748046875
212.0 0.16796875
214.0 0.16748046875
216.0 0.16796875
218.0 0.16748046875
220.0 0.16748046875
222.0 0.16748046875
224.0 0.16796875
226.0 0.16796875
228.0 0.16748046875
230.0 0.16796875
233.0 0.16748046875
235.0 0.16748046875
237.0 0.16748046875
239.0 0.16796875
241.0 0.16748046875
243.0 0.16748046875
245.0 0.16748046875
247.0 0.16796875
249.0 0.16748046875
251.0 0.16796875
253.0 0.16796875
255.0 0.16796875
257.0 0.16796875
259.0 0.16748046875
261.0 0.16748046875
263.0 0.16796875
266.0 0.16748046875
268.0 0.16748046875
270.0 0.16796875
272.0 0.16796875
274.0 0.16796875
276.0 0.16796875
278.0 0.16796875
280.0 0.16748046875
282.0 0.16796875
284.0 0.16748046875
286.0 0.16796875
288.0 0.16796875
290.0 0.16796875
292.0 0.16796875
294.0 0.16796875
296.0 0.16748046875
298.0 0.16796875
300.0 0.16796875
302.0 0.16796875
305.0 0.16796875
307.0 0.16796875
309.0 0.16796875
311.0 0.16796875
313.0 0.16796875
315.0 0.16796875
317.0 0.16748046875
319.0 0.16748046875
321.0 0.16796875
323.0 0.16748046875
325.0 0.16796875
327.0 0.16796875
329.0 0.16748046875
332.0 0.16796875
334.0 0.16796875
336.0 0.16796875
338.0 0.16796875
340.0 0.16796875
342.0 0.16796875
344.0 0.16796875
346.0 0.16796875
348.0 0.16796875
350.0 0.16796875
352.0 0.16796875
354.0 0.16748046875
356.0 0.16796875
358.0 0.16796875
360.0 0.16796875
362.0 0.16796875
365.0 0.16796875
367.0 0.16796875
369.0 0.16796875
371.0 0.16796875
373.0 0.16796875
375.0 0.16796875
377.0 0.16796875
379.0 0.16796875
381.0 0.16796875
383.0 0.16796875
385.0 0.16796875
387.0 0.16796875
389.0 0.16796875
391.0 0.16796875
393.0 0.16796875
395.0 0.16796875
397.0 0.16796875
399.0 0.16796875
402.0 0.16796875
404.0 0.16796875
406.0 0.16796875
408.0 0.16796875
410.0 0.16796875
412.0 0.16796875
414.0 0.16845703125
416.0 0.16796875
418.0 0.16796875
420.0 0.16796875
422.0 0.16796875
424.0 0.16796875
426.0 0.16796875
428.0 0.16796875
430.0 0.16796875
432.0 0.16796875
435.0 0.16796875
437.0 0.16796875
439.0 0.16796875
441.0 0.16845703125
443.0 0.16796875
445.0 0.16796875
447.0 0.16796875
449.0 0.16796875
451.0 0.16796875
453.0 0.16796875
455.0 0.16796875
457.0 0.16796875
459.0 0.16796875
461.0 0.16845703125
463.0 0.16845703125
465.0 0.16845703125
468.0 0.16796875
470.0 0.16796875
472.0 0.16845703125
474.0 0.16796875
476.0 0.16796875
478.0 0.16796875
480.0 0.16796875
482.0 0.16796875
484.0 0.16796875
486.0 0.16796875
488.0 0.16796875
490.0 0.16796875
492.0 0.16796875
494.0 0.16845703125
496.0 0.16845703125
498.0 0.16796875
501.0 0.16796875
503.0 0.16796875
505.0 0.16796875
507.0 0.16796875
509.0 0.16796875
511.0 0.16796875
513.0 0.16796875
515.0 0.16845703125
517.0 0.16796875
519.0 0.16796875
521.0 0.16796875
523.0 0.16796875
525.0 0.16796875
527.0 0.16796875
529.0 0.16796875
531.0 0.16796875
534.0 0.16796875
535.0 0.16845703125
538.0 0.16796875
540.0 0.16796875
542.0 0.16796875
544.0 0.16796875
546.0 0.16796875
548.0 0.16845703125
550.0 0.16796875
552.0 0.16796875
554.0 0.16796875
556.0 0.16845703125
558.0 0.16796875
560.0 0.16796875
562.0 0.16796875
564.0 0.16796875
566.0 0.16796875
568.0 0.16845703125
571.0 0.16796875
573.0 0.16845703125
575.0 0.16845703125
577.0 0.16845703125
579.0 0.16796875
581.0 0.16796875
583.0 0.16796875
585.0 0.16845703125
587.0 0.16796875
589.0 0.16845703125
591.0 0.16796875
593.0 0.16796875
595.0 0.16796875
597.0 0.16845703125
599.0 0.16796875
601.0 0.16845703125
603.0 0.16796875
605.0 0.16796875
607.0 0.16845703125
609.0 0.16796875
612.0 0.16845703125
614.0 0.16845703125
616.0 0.16845703125
618.0 0.16845703125
620.0 0.16796875
622.0 0.16845703125
624.0 0.16845703125
626.0 0.16796875
628.0 0.16796875
630.0 0.16845703125
632.0 0.16845703125
634.0 0.16796875
636.0 0.16796875
638.0 0.16845703125
640.0 0.16845703125
642.0 0.16796875
645.0 0.16845703125
647.0 0.16845703125
649.0 0.16845703125
651.0 0.16845703125
653.0 0.16845703125
655.0 0.16845703125
657.0 0.16845703125
659.0 0.16796875
661.0 0.16845703125
663.0 0.16845703125
665.0 0.16845703125
667.0 0.16845703125
669.0 0.16845703125
671.0 0.16845703125
673.0 0.16845703125
676.0 0.16845703125
678.0 0.16845703125
680.0 0.16845703125
682.0 0.16845703125
684.0 0.16845703125
686.0 0.16845703125
688.0 0.16796875
690.0 0.16845703125
692.0 0.16845703125
694.0 0.16845703125
696.0 0.16845703125
698.0 0.16845703125
700.0 0.16845703125
703.0 0.16845703125
705.0 0.16845703125
707.0 0.16845703125
709.0 0.16845703125
711.0 0.16845703125
713.0 0.16845703125
715.0 0.16845703125
717.0 0.16845703125
719.0 0.16845703125
721.0 0.16845703125
723.0 0.1689453125
725.0 0.16845703125
727.0 0.16845703125
729.0 0.16845703125
731.0 0.16845703125
733.0 0.16845703125
735.0 0.16845703125
738.0 0.16845703125
740.0 0.1689453125
742.0 0.16845703125
744.0 0.16845703125
746.0 0.1689453125
748.0 0.16845703125
750.0 0.16845703125
