name: IPA
heating ramp rate: 0.5
VOC concentration: 0.03
0.0 0.166015625
2.0 0.166015625
5.0 0.166015625
7.0 0.166015625
9.0 0.166015625
11.0 0.16552734375
13.0 0.166015625
15.0 0.166015625
17.0 0.166015625
19.0 0.166015625
21.0 0.166015625
23.0 0.166015625
25.0 0.166015625
27.0 0.16650390625
29.0 0.166015625
31.0 0.166015625
33.0 0.166015625
35.0 0.16650390625
37.0 0.166015625
40.0 0.166015625
42.0 0.16650390625
44.0 0.16650390625
46.0 0.166015625
48.0 0.166015625
50.0 0.16650390625
52.0 0.16650390625
54.0 0.16650390625
56.0 0.16650390625
58.0 0.16650390625
60.0 0.16650390625
62.0 0.16650390625
64.0 0.16650390625
66.0 0.16650390625
68.0 0.16650390625
71.0 0.16650390625
73.0 0.16650390625
75.0 0.16650390625
77.0 0.16650390625
79.0 0.16650390625
81.0 0.16650390625
83.0 0.16650390625
85.0 0.1669921875
87.0 0.16650390625
89.0 0.16650390625
91.0 0.1669921875
93.0 0.1669921875
95.0 0.1669921875
97.0 0.1669921875
99.0 0.1669921875
101.0 0.1669921875
104.0 0.1669921875
106.0 0.1669921875
108.0 0.1669921875
110.0 0.1669921875
112.0 0.1669921875
114.0 0.16748046875
116.0 0.16748046875
118.0 0.16748046875
120.0 0.16748046875
122.0 0.16748046875
124.0 0.16796875
126.0 0.16796875
128.0 0.16796875
130.0 0.16796875
132.0 0.16796875
134.0 0.16845703125
136.0 0.16845703125
138.0 0.16845703125
140.0 0.1689453125
143.0 0.16845703125
145.0 0.1689453125
147.0 0.1689453125
149.0 0.1689453125
151.0 0.16845703125
153.0 0.1689453125
155.0 0.1689453125
157.0 0.1689453125
159.0 0.1689453125
161.0 0.16943359375
163.0 0.1689453125
165.0 0.16943359375
167.0 0.16943359375
169.0 0.1689453125
171.0 0.1689453125
173.0 0.16943359375
175.0 0.16943359375
177.0 0.16943359375
179.0 0.1689453125
181.0 0.1689453125
184.0 0.1689453125
186.0 0.1689453125
188.0 0.1689453125
190.0 0.16943359375
192.0 0.16943359375
194.0 0.1689453125
196.0 0.1689453125
198.0 0.16943359375
200.0 0.1689453125
202.0 0.16943359375
204.0 0.16943359375
206.0 0.1689453125
208.0 0.1689453125
210.0 0.1689453125
212.0 0.16943359375
214.0 0.16943359375
217.0 0.16943359375
219.0 0.1689453125
221.0 0.16943359375
223.0 0.16943359375
225.0 0.16943359375
227.0 0.16943359375
229.0 0.16943359375
231.0 0.16943359375
233.0 0.1689453125
235.0 0.16943359375
237.0 0.16943359375
239.0 0.1689453125
241.0 0.16943359375
243.0 0.16943359375
245.0 0.16943359375
247.0 0.16943359375
249.0 0.16943359375
252.0 0.16943359375
254.0 0.16943359375
256.0 0.16943359375
258.0 0.1689453125
260.0 0.16943359375
262.0 0.16943359375
264.0 0.16943359375
266.0 0.16943359375
268.0 0.16943359375
270.0 0.16943359375
272.0 0.16943359375
274.0 0.16943359375
276.0 0.16943359375
278.0 0.16943359375
280.0 0.16943359375
282.0 0.16943359375
284.0 0.16943359375
286.0 0.16943359375
289.0 0.16943359375
291.0 0.16943359375
293.0 0.16943359375
295.0 0.16943359375
297.0 0.16943359375
299.0 0.16943359375
301.0 0.16943359375
303.0 0.16943359375
305.0 0.16943359375
307.0 0.16943359375
309.0 0.16943359375
311.0 0.16943359375
313.0 0.16943359375
315.0 0.1689453125
317.0 0.16943359375
319.0 0.1689453125
321.0 0.16943359375
323.0 0.16943359375
325.0 0.16943359375
328.0 0.16943359375
330.0 0.16943359375
332.0 0.16943359375
334.0 0.16943359375
336.0 0.16943359375
338.0 0.16943359375
340.0 0.16943359375
342.0 0.16943359375
344.0 0.16943359375
346.0 0.169921875
348.0 0.16943359375
350.0 0.16943359375
352.0 0.1689453125
354.0 0.16943359375
356.0 0.16943359375
358.0 0.16943359375
360.0 0.16943359375
363.0 0.16943359375
365.0 0.16943359375
367.0 0.16943359375
369.0 0.16943359375
371.0 0.16943359375
373.0 0.16943359375
375.0 0.16943359375
377.0 0.16943359375
379.0 0.16943359375
381.0 0.16943359375
383.0 0.16943359375
385.0 0.16943359375
387.0 0.16943359375
389.0 0.16943359375
391.0 0.16943359375
394.0 0.16943359375
396.0 0.16943359375
398.0 0.16943359375
400.0 0.169921875
402.0 0.16943359375
404.0 0.16943359375
406.0 0.169921875
408.0 0.16943359375
410.0 0.16943359375
412.0 0.16943359375
414.0 0.16943359375
416.0 0.16943359375
418.0 0.16943359375
420.0 0.16943359375
422.0 0.16943359375
424.0 0.16943359375
427.0 0.16943359375
429.0 0.16943359375
431.0 0.16943359375
433.0 0.16943359375
435.0 0.16943359375
437.0 0.16943359375
439.0 0.16943359375
441.0 0.16943359375
443.0 0.16943359375
445.0 0.16943359375
447.0 0.16943359375
449.0 0.16943359375
451.0 0.16943359375
453.0 0.16943359375
455.0 0.16943359375
457.0 0.16943359375
460.0 0.16943359375
462.0 0.16943359375
464.0 0.16943359375
466.0 0.16943359375
468.0 0.16943359375
470.0 0.169921875
472.0 0.16943359375
474.0 0.16943359375
476.0 0.16943359375
478.0 0.16943359375
480.0 0.169921875
482.0 0.16943359375
484.0 0.16943359375
486.0 0.16943359375
488.0 0.16943359375
491.0 0.16943359375
493.0 0.169921875
495.0 0.16943359375
497.0 0.16943359375
499.0 0.16943359375
501.0 0.16943359375
503.0 0.169921875
505.0 0.16943359375
507.0 0.16943359375
509.0 0.16943359375
511.0 0.16943359375
513.0 0.169921875
515.0 0.1689453125
517.0 0.16943359375
519.0 0.16943359375
521.0 0.169921875
523.0 0.16943359375
526.0 0.16943359375
527.0 0.16943359375
530.0 0.16943359375
532.0 0.16943359375
534.0 0.169921875
536.0 0.16943359375
538.0 0.169921875
540.0 0.16943359375
542.0 0.16943359375
544.0 0.16943359375
546.0 0.16943359375
548.0 0.16943359375
550.0 0.16943359375
552.0 0.169921875
554.0 0.16943359375
556.0 0.16943359375
558.0 0.16943359375
560.0 0.16943359375
563.0 0.169921875
565.0 0.16943359375
567.0 0.16943359375
569.0 0.169921875
571.0 0.16943359375
573.0 0.16943359375
575.0 0.16943359375
577.0 0.169921875
579.0 0.16943359375
581.0 0.16943359375
583.0 0.16943359375
585.0 0.16943359375
587.0 0.169921875
589.0 0.16943359375
591.0 0.16943359375
594.0 0.16943359375
596.0 0.16943359375
598.0 0.16943359375
600.0 0.16943359375
602.0 0.16943359375
604.0 0.16943359375
606.0 0.16943359375
608.0 0.16943359375
610.0 0.16943359375
612.0 0.16943359375
614.0 0.169921875
616.0 0.16943359375
618.0 0.16943359375
620.0 0.16943359375
622.0 0.16943359375
624.0 0.16943359375
626.0 0.16943359375
629.0 0.16943359375
631.0 0.16943359375
633.0 0.16943359375
635.0 0.16943359375
637.0 0.16943359375
639.0 0.16943359375
641.0 0.16943359375
643.0 0.16943359375
645.0 0.169921875
647.0 0.16943359375
649.0 0.16943359375
651.0 0.16943359375
653.0 0.169921875
655.0 0.169921875
657.0 0.16943359375
659.0 0.169921875
661.0 0.169921875
664.0 0.169921875
666.0 0.16943359375
668.0 0.169921875
670.0 0.16943359375
672.0 0.16943359375
674.0 0.16943359375
676.0 0.16943359375
678.0 0.16943359375
680.0 0.16943359375
682.0 0.16943359375
684.0 0.16943359375
686.0 0.16943359375
688.0 0.16943359375
690.0 0.16943359375
692.0 0.169921875
694.0 0.16943359375
697.0 0.16943359375
699.0 0.169921875
701.0 0.16943359375
703.0 0.169921875
705.0 0.16943359375
707.0 0.16943359375
709.0 0.169921875
711.0 0.16943359375
713.0 0.16943359375
715.0 0.16943359375
717.0 0.169921875
719.0 0.169921875
721.0 0.16943359375
723.0 0.16943359375
725.0 0.169921875
727.0 0.16943359375
729.0 0.16943359375
731.0 0.16943359375
733.0 0.16943359375
736.0 0.16943359375
738.0 0.16943359375
740.0 0.16943359375
742.0 0.16943359375
744.0 0.169921875
746.0 0.16943359375
748.0 0.169921875
750.0 0.169921875
