name: Limonene
heating ramp rate: 0.5
VOC concentration: 0.05
0.0 0.16015625
2.0 0.16015625
4.0 0.16015625
6.0 0.16015625
8.0 0.15966796875
10.0 0.16015625
12.0 0.15966796875
14.0 0.16015625
17.0 0.16015625
19.0 0.16015625
21.0 0.16015625
23.0 0.16015625
25.0 0.16015625
27.0 0.16015625
29.0 0.16015625
31.0 0.16015625
33.0 0.16015625
35.0 0.16015625
37.0 0.16015625
39.0 0.16015625
41.0 0.16015625
43.0 0.16015625
45.0 0.16015625
47.0 0.16015625
49.0 0.16015625
51.0 0.16015625
54.0 0.16015625
56.0 0.16015625
58.0 0.16015625
60.0 0.16015625
62.0 0.16015625
64.0 0.16015625
66.0 0.16015625
68.0 0.16015625
70.0 0.16015625
72.0 0.16015625
74.0 0.16015625
76.0 0.16015625
78.0 0.16015625
80.0 0.16015625
82.0 0.16015625
84.0 0.16015625
87.0 0.16015625
89.0 0.16015625
91.0 0.16015625
93.0 0.16015625
95.0 0.16015625
97.0 0.16015625
99.0 0.16015625
101.0 0.16015625
103.0 0.16015625
105.0 0.16015625
107.0 0.16015625
109.0 0.15966796875
111.0 0.16015625
113.0 0.16015625
115.0 0.16015625
117.0 0.16015625
119.0 0.16015625
122.0 0.16015625
124.0 0.16064453125
126.0 0.16015625
128.0 0.16064453125
130.0 0.16064453125
132.0 0.16064453125
134.0 0.16064453125
136.0 0.16064453125
138.0 0.16064453125
140.0 0.16064453125
142.0 0.16064453125
144.0 0.16064453125
146.0 0.16064453125
148.0 0.1611328125
150.0 0.16064453125
152.0 0.1611328125
154.0 0.1611328125
156.0 0.1611328125
159.0 0.1611328125
161.0 0.1611328125
163.0 0.1611328125
165.0 0.1611328125
167.0 0.1611328125
169.0 0.1611328125
171.0 0.1611328125
173.0 0.1611328125
175.0 0.1611328125
177.0 0.1611328125
179.0 0.1611328125
181.0 0.16162109375
183.0 0.1611328125
185.0 0.1611328125
187.0 0.1611328125
189.0 0.16162109375
191.0 0.1611328125
193.0 0.16162109375
196.0 0.16162109375
198.0 0.16162109375
200.0 0.16162109375
202.0 0.16162109375
204.0 0.16162109375
206.0 0.16162109375
208.0 0.16162109375
210.0 0.16162109375
212.0 0.16162109375
214.0 0.16162109375
216.0 0.16162109375
218.0 0.162109375
220.0 0.16162109375
222.0 0.162109375
224.0 0.162109375
227.0 0.16162109375
229.0 0.162109375
231.0 0.162109375
233.0 0.16162109375
235.0 0.162109375
237.0 0.162109375
239.0 0.162109375
241.0 0.162109375
243.0 0.162109375
245.0 0.162109375
247.0 0.162109375
249.0 0.162109375
251.0 0.162109375
253.0 0.162109375
255.0 0.162109375
257.0 0.16259765625
260.0 0.162109375
262.0 0.162109375
264.0 0.16259765625
266.0 0.162109375
268.0 0.162109375
270.0 0.16259765625
272.0 0.16259765625
274.0 0.162109375
276.0 0.16259765625
278.0 0.16259765625
280.0 0.16259765625
282.0 0.16259765625
284.0 0.16259765625
286.0 0.16259765625
288.0 0.16259765625
290.0 0.16259765625
292.0 0.16259765625
294.0 0.16259765625
297.0 0.16259765625
299.0 0.16259765625
301.0 0.16259765625
303.0 0.16259765625
305.0 0.16259765625
307.0 0.16259765625
309.0 0.16259765625
311.0 0.1630859375
313.0 0.1630859375
315.0 0.1630859375
317.0 0.16259765625
319.0 0.16259765625
321.0 0.16259765625
323.0 0.16259765625
325.0 0.16259765625
327.0 0.16259765625
330.0 0.1630859375
332.0 0.1630859375
334.0 0.16259765625
336.0 0.16259765625
338.0 0.16259765625
340.0 0.16259765625
342.0 0.1630859375
344.0 0.1630859375
346.0 0.1630859375
348.0 0.1630859375
350.0 0.1630859375
352.0 0.1630859375
354.0 0.1630859375
356.0 0.1630859375
358.0 0.1630859375
361.0 0.1630859375
363.0 0.1630859375
365.0 0.16259765625
367.0 0.1630859375
369.0 0.1630859375
371.0 0.1630859375
373.0 0.1630859375
375.0 0.1630859375
377.0 0.1630859375
379.0 0.1630859375
381.0 0.16357421875
383.0 0.1630859375
385.0 0.1630859375
387.0 0.1630859375
389.0 0.16357421875
391.0 0.1630859375
394.0 0.16357421875
396.0 0.1630859375
398.0 0.1630859375
400.0 0.1630859375
402.0 0.1630859375
404.0 0.1630859375
406.0 0.1630859375
408.0 0.1630859375
410.0 0.1630859375
412.0 0.1630859375
414.0 0.1630859375
416.0 0.1630859375
418.0 0.1630859375
420.0 0.1630859375
422.0 0.1630859375
425.0 0.1630859375
427.0 0.1630859375
429.0 0.1630859375
431.0 0.16357421875
433.0 0.16357421875
435.0 0.16357421875
437.0 0.1630859375
439.0 0.1630859375
441.0 0.16357421875
443.0 0.16357421875
445.0 0.1630859375
447.0 0.16357421875
449.0 0.16357421875
451.0 0.1630859375
453.0 0.16357421875
455.0 0.16357421875
457.0 0.1630859375
459.0 0.16357421875
461.0 0.16357421875
464.0 0.16357421875
466.0 0.16357421875
468.0 0.1630859375
470.0 0.16357421875
472.0 0.16357421875
474.0 0.16357421875
476.0 0.16357421875
478.0 0.1630859375
480.0 0.1630859375
482.0 0.16357421875
484.0 0.16357421875
486.0 0.16357421875
488.0 0.16357421875
490.0 0.16357421875
492.0 0.16357421875
494.0 0.16357421875
497.0 0.16357421875
499.0 0.16357421875
500.0 0.16357421875
503.0 0.16357421875
505.0 0.16357421875
507.0 0.16357421875
509.0 0.16357421875
511.0 0.16357421875
513.0 0.16357421875
515.0 0.16357421875
517.0 0.16357421875
519.0 0.16357421875
521.0 0.16357421875
523.0 0.1640625
525.0 0.16357421875
527.0 0.1640625
529.0 0.16357421875
531.0 0.16357421875
533.0 0.16357421875
535.0 0.16357421875
538.0 0.16357421875
540.0 0.16357421875
542.0 0.16357421875
544.0 0.1640625
546.0 0.16357421875
548.0 0.16357421875
550.0 0.16357421875
552.0 0.16357421875
554.0 0.1640625
556.0 0.16357421875
558.0 0.1640625
560.0 0.16357421875
562.0 0.16357421875
564.0 0.16357421875
566.0 0.16357421875
568.0 0.1640625
570.0 0.1640625
573.0 0.16357421875
575.0 0.16357421875
577.0 0.16357421875
579.0 0.1640625
581.0 0.1640625
583.0 0.16357421875
585.0 0.1640625
587.0 0.1640625
589.0 0.16357421875
591.0 0.16357421875
593.0 0.16357421875
595.0 0.1640625
597.0 0.1640625
599.0 0.1640625
601.0 0.1640625
603.0 0.1640625
606.0 0.16357421875
608.0 0.1640625
610.0 0.1640625
612.0 0.16357421875
614.0 0.1640625
616.0 0.1640625
618.0 0.1640625
620.0 0.1640625
622.0 0.1640625
624.0 0.1640625
626.0 0.1640625
628.0 0.1640625
630.0 0.16357421875
632.0 0.1640625
634.0 0.1640625
637.0 0.1640625
639.0 0.1640625
641.0 0.1640625
643.0 0.1640625
645.0 0.1640625
647.0 0.1640625
649.0 0.1640625
651.0 0.1640625
653.0 0.1640625
655.0 0.1640625
657.0 0.1640625
659.0 0.16357421875
661.0 0.1640625
663.0 0.1640625
665.0 0.1640625
667.0 0.1640625
670.0 0.1640625
672.0 0.1640625
674.0 0.1640625
676.0 0.1640625
678.0 0.1640625
680.0 0.1640625
682.0 0.1640625
684.0 0.1640625
686.0 0.1640625
688.0 0.1640625
690.0 0.1640625
692.0 0.1640625
694.0 0.1640625
696.0 0.1640625
698.0 0.16455078125
701.0 0.1640625
703.0 0.1640625
705.0 0.1640625
707.0 0.16455078125
709.0 0.1640625
711.0 0.16455078125
713.0 0.1640625
715.0 0.1640625
717.0 0.1640625
719.0 0.1640625
721.0 0.1640625
723.0 0.1640625
725.0 0.16455078125
727.0 0.16455078125
729.0 0.16455078125
731.0 0.1640625
734.0 0.1640625
736.0 0.1640625
738.0 0.16455078125
740.0 0.1640625
742.0 0.1640625
744.0 0.1640625
746.0 0.16455078125
748.0 0.1640625
750.0 0.1640625
752.0 0.1640625
