name: Limonene
heating ramp rate: 0.5
VOC concentration: 0.25
0.0 0.1884765625
2.0 0.1884765625
4.0 0.18896484375
6.0 0.18896484375
8.0 0.1884765625
10.0 0.18896484375
12.0 0.1884765625
14.0 0.18896484375
16.0 0.18896484375
18.0 0.18896484375
20.0 0.18896484375
22.0 0.18896484375
24.0 0.18896484375
26.0 0.189453125
28.0 0.18896484375
30.0 0.18896484375
33.0 0.189453125
35.0 0.18896484375
37.0 0.18896484375
39.0 0.189453125
41.0 0.189453125
43.0 0.18896484375
45.0 0.189453125
47.0 0.189453125
49.0 0.189453125
51.0 0.189453125
53.0 0.189453125
55.0 0.189453125
57.0 0.18994140625
59.0 0.18994140625
61.0 0.18994140625
63.0 0.1904296875
65.0 0.1904296875
68.0 0.18994140625
70.0 0.19091796875
72.0 0.19091796875
74.0 0.19091796875
76.0 0.19140625
78.0 0.19140625
80.0 0.19189453125
82.0 0.19189453125
84.0 0.1923828125
86.0 0.19287109375
88.0 0.193359375
90.0 0.19384765625
92.0 0.1943359375
94.0 0.19482421875
96.0 0.1953125
98.0 0.19580078125
100.0 0.19677734375
103.0 0.19677734375
105.0 0.19775390625
107.0 0.1982421875
109.0 0.19873046875
111.0 0.19970703125
113.0 0.20068359375
115.0 0.201171875
117.0 0.2021484375
119.0 0.20263671875
121.0 0.20361328125
123.0 0.20458984375
125.0 0.20556640625
127.0 0.20654296875
129.0 0.20703125
131.0 0.2080078125
133.0 0.20849609375
135.0 0.208984375
137.0 0.20947265625
140.0 0.21044921875
142.0 0.21044921875
144.0 0.2109375
146.0 0.2109375
148.0 0.2109375
150.0 0.21044921875
152.0 0.21044921875
154.0 0.21044921875
156.0 0.21044921875
158.0 0.2099609375
160.0 0.2099609375
162.0 0.2099609375
164.0 0.2099609375
166.0 0.20947265625
168.0 0.20947265625
170.0 0.20947265625
173.0 0.208984375
175.0 0.208984375
177.0 0.208984375
179.0 0.208984375
181.0 0.20849609375
183.0 0.20849609375
185.0 0.20849609375
187.0 0.20849609375
189.0 0.2080078125
191.0 0.2080078125
193.0 0.2080078125
195.0 0.2080078125
197.0 0.2080078125
199.0 0.20751953125
201.0 0.20751953125
204.0 0.20751953125
206.0 0.20751953125
208.0 0.20751953125
210.0 0.20703125
212.0 0.20751953125
214.0 0.20751953125
216.0 0.20703125
218.0 0.20703125
220.0 0.20654296875
222.0 0.20654296875
224.0 0.20703125
226.0 0.20654296875
228.0 0.20654296875
230.0 0.20654296875
232.0 0.20654296875
234.0 0.20654296875
236.0 0.20654296875
238.0 0.20654296875
241.0 0.2060546875
243.0 0.2060546875
245.0 0.2060546875
247.0 0.2060546875
249.0 0.2060546875
251.0 0.2060546875
253.0 0.2060546875
255.0 0.2060546875
257.0 0.2060546875
259.0 0.2060546875
261.0 0.20556640625
263.0 0.20556640625
265.0 0.20556640625
267.0 0.2060546875
269.0 0.20556640625
271.0 0.20556640625
274.0 0.20556640625
276.0 0.20556640625
278.0 0.20556640625
280.0 0.20556640625
282.0 0.20556640625
284.0 0.205078125
286.0 0.20556640625
288.0 0.205078125
290.0 0.205078125
292.0 0.205078125
294.0 0.205078125
296.0 0.20556640625
298.0 0.205078125
300.0 0.205078125
302.0 0.20556640625
304.0 0.205078125
306.0 0.205078125
309.0 0.205078125
311.0 0.20458984375
313.0 0.205078125
315.0 0.20458984375
317.0 0.20458984375
319.0 0.20458984375
321.0 0.205078125
323.0 0.20458984375
325.0 0.20458984375
327.0 0.205078125
329.0 0.20458984375
331.0 0.2041015625
333.0 0.20458984375
335.0 0.20458984375
337.0 0.20458984375
339.0 0.20458984375
341.0 0.20458984375
344.0 0.20458984375
346.0 0.20458984375
348.0 0.20458984375
350.0 0.20458984375
352.0 0.20458984375
354.0 0.20458984375
356.0 0.20458984375
358.0 0.20458984375
360.0 0.20458984375
362.0 0.20458984375
364.0 0.2041015625
366.0 0.2041015625
368.0 0.2041015625
370.0 0.20458984375
372.0 0.2041015625
375.0 0.2041015625
377.0 0.20458984375
379.0 0.2041015625
381.0 0.2041015625
383.0 0.2041015625
385.0 0.2041015625
387.0 0.2041015625
389.0 0.2041015625
391.0 0.2041015625
393.0 0.2041015625
395.0 0.2041015625
397.0 0.20361328125
399.0 0.2041015625
401.0 0.2041015625
403.0 0.2041015625
405.0 0.2041015625
408.0 0.2041015625
410.0 0.20361328125
412.0 0.2041015625
414.0 0.2041015625
416.0 0.2041015625
418.0 0.20361328125
420.0 0.20361328125
422.0 0.20361328125
424.0 0.2041015625
426.0 0.20361328125
428.0 0.20361328125
430.0 0.20361328125
432.0 0.20361328125
434.0 0.20361328125
436.0 0.20361328125
438.0 0.20361328125
440.0 0.20361328125
443.0 0.20361328125
445.0 0.20361328125
447.0 0.20361328125
449.0 0.20361328125
451.0 0.20361328125
453.0 0.20361328125
455.0 0.20361328125
457.0 0.203125
459.0 0.203125
461.0 0.20361328125
463.0 0.20361328125
465.0 0.203125
467.0 0.20361328125
469.0 0.20361328125
471.0 0.20361328125
473.0 0.203125
476.0 0.203125
478.0 0.203125
480.0 0.203125
482.0 0.20361328125
484.0 0.20361328125
486.0 0.203125
488.0 0.203125
490.0 0.203125
492.0 0.20361328125
494.0 0.203125
496.0 0.203125
498.0 0.203125
500.0 0.203125
502.0 0.203125
504.0 0.203125
506.0 0.203125
508.0 0.203125
510.0 0.203125
513.0 0.203125
515.0 0.203125
517.0 0.203125
519.0 0.203125
521.0 0.203125
523.0 0.20263671875
525.0 0.203125
527.0 0.203125
529.0 0.203125
531.0 0.203125
533.0 0.203125
535.0 0.203125
537.0 0.20263671875
539.0 0.20263671875
541.0 0.203125
543.0 0.20263671875
546.0 0.20263671875
548.0 0.203125
550.0 0.20263671875
552.0 0.20263671875
554.0 0.20263671875
556.0 0.203125
558.0 0.203125
560.0 0.20263671875
562.0 0.20263671875
564.0 0.20263671875
566.0 0.20263671875
568.0 0.20263671875
570.0 0.20263671875
572.0 0.20263671875
574.0 0.20263671875
576.0 0.20263671875
578.0 0.20263671875
581.0 0.20263671875
583.0 0.20263671875
585.0 0.20263671875
587.0 0.20263671875
589.0 0.20263671875
591.0 0.20263671875
593.0 0.20263671875
595.0 0.20263671875
597.0 0.20263671875
599.0 0.20263671875
601.0 0.20263671875
603.0 0.20263671875
605.0 0.20263671875
607.0 0.20263671875
609.0 0.20263671875
611.0 0.20263671875
613.0 0.20263671875
615.0 0.20263671875
618.0 0.2021484375
620.0 0.2021484375
622.0 0.20263671875
624.0 0.20263671875
626.0 0.20263671875
628.0 0.20263671875
630.0 0.20263671875
632.0 0.2021484375
634.0 0.2021484375
636.0 0.2021484375
638.0 0.2021484375
640.0 0.2021484375
642.0 0.2021484375
644.0 0.2021484375
646.0 0.2021484375
649.0 0.2021484375
651.0 0.2021484375
653.0 0.2021484375
655.0 0.2021484375
657.0 0.2021484375
659.0 0.2021484375
661.0 0.2021484375
663.0 0.2021484375
665.0 0.2021484375
667.0 0.2021484375
669.0 0.2021484375
671.0 0.2021484375
673.0 0.2021484375
675.0 0.2021484375
677.0 0.20166015625
679.0 0.20166015625
682.0 0.20166015625
684.0 0.2021484375
686.0 0.2021484375
688.0 0.2021484375
690.0 0.2021484375
692.0 0.2021484375
694.0 0.2021484375
696.0 0.2021484375
698.0 0.20166015625
700.0 0.2021484375
702.0 0.20166015625
704.0 0.2021484375
706.0 0.20166015625
708.0 0.2021484375
710.0 0.2021484375
712.0 0.20166015625
715.0 0.20166015625
717.0 0.20166015625
719.0 0.20166015625
721.0 0.20166015625
723.0 0.20166015625
725.0 0.20166015625
727.0 0.20166015625
729.0 0.20166015625
731.0 0.20166015625
733.0 0.20166015625
735.0 0.20166015625
737.0 0.20166015625
739.0 0.20166015625
741.0 0.20166015625
743.0 0.20166015625
745.0 0.20166015625
748.0 0.20166015625
750.0 0.20166015625
