name: Limonene
heating ramp rate: 0.5
VOC concentration: 0.052
0.0 0.1728515625
2.0 0.1728515625
4.0 0.17333984375
6.0 0.17333984375
8.0 0.17333984375
10.0 0.17333984375
12.0 0.1728515625
14.0 0.17333984375
16.0 0.17333984375
18.0 0.17333984375
20.0 0.17333984375
23.0 0.17333984375
25.0 0.17333984375
27.0 0.17333984375
29.0 0.17333984375
31.0 0.173828125
33.0 0.17333984375
35.0 0.173828125
37.0 0.17333984375
39.0 0.173828125
41.0 0.173828125
43.0 0.173828125
45.0 0.173828125
47.0 0.173828125
49.0 0.173828125
51.0 0.173828125
53.0 0.173828125
55.0 0.17431640625
57.0 0.173828125
60.0 0.17431640625
62.0 0.17431640625
64.0 0.17431640625
66.0 0.17431640625
68.0 0.17431640625
70.0 0.17431640625
72.0 0.17431640625
74.0 0.17431640625
76.0 0.17431640625
78.0 0.1748046875
80.0 0.17431640625
82.0 0.1748046875
84.0 0.1748046875
86.0 0.1748046875
88.0 0.1748046875
90.0 0.17529296875
92.0 0.17529296875
95.0 0.17529296875
97.0 0.17529296875
99.0 0.17529296875
101.0 0.17578125
103.0 0.17578125
105.0 0.17578125
107.0 0.17578125
109.0 0.17626953125
111.0 0.17626953125
113.0 0.17626953125
115.0 0.17626953125
117.0 0.1767578125
119.0 0.1767578125
121.0 0.17724609375
123.0 0.177734375
125.0 0.17724609375
128.0 0.177734375
130.0 0.177734375
132.0 0.17822265625
134.0 0.17822265625
136.0 0.17919921875
138.0 0.1787109375
140.0 0.1787109375
142.0 0.17919921875
144.0 0.17919921875
146.0 0.1796875
148.0 0.1796875
150.0 0.1796875
152.0 0.18017578125
154.0 0.1796875
156.0 0.18017578125
158.0 0.18017578125
160.0 0.18017578125
162.0 0.18017578125
164.0 0.18017578125
167.0 0.18017578125
169.0 0.1806640625
171.0 0.1806640625
173.0 0.18017578125
175.0 0.18017578125
177.0 0.1806640625
179.0 0.1806640625
181.0 0.1806640625
183.0 0.1806640625
185.0 0.1806640625
187.0 0.1806640625
189.0 0.1806640625
191.0 0.1806640625
193.0 0.1806640625
195.0 0.1806640625
197.0 0.1806640625
200.0 0.1806640625
202.0 0.1806640625
204.0 0.1806640625
206.0 0.1806640625
208.0 0.1806640625
210.0 0.1806640625
212.0 0.18115234375
214.0 0.1806640625
216.0 0.1806640625
218.0 0.1806640625
220.0 0.1806640625
222.0 0.1806640625
224.0 0.1806640625
226.0 0.1806640625
228.0 0.18115234375
230.0 0.1806640625
232.0 0.18017578125
235.0 0.1806640625
237.0 0.1806640625
239.0 0.1806640625
241.0 0.1806640625
243.0 0.1806640625
245.0 0.1806640625
247.0 0.1806640625
249.0 0.1806640625
251.0 0.1806640625
253.0 0.1806640625
255.0 0.1806640625
257.0 0.1806640625
259.0 0.18017578125
261.0 0.1806640625
263.0 0.1806640625
266.0 0.1806640625
268.0 0.1806640625
270.0 0.1806640625
272.0 0.1806640625
274.0 0.1806640625
276.0 0.1806640625
278.0 0.1806640625
280.0 0.1806640625
282.0 0.1806640625
284.0 0.1806640625
286.0 0.1806640625
288.0 0.1806640625
290.0 0.1806640625
292.0 0.1806640625
294.0 0.1806640625
297.0 0.1806640625
299.0 0.1806640625
301.0 0.1806640625
303.0 0.1806640625
305.0 0.1806640625
307.0 0.1806640625
309.0 0.1806640625
311.0 0.1806640625
313.0 0.1806640625
315.0 0.1806640625
317.0 0.1806640625
319.0 0.1806640625
321.0 0.1806640625
323.0 0.1806640625
325.0 0.1806640625
327.0 0.1806640625
329.0 0.1806640625
332.0 0.1806640625
334.0 0.1806640625
336.0 0.1806640625
338.0 0.1806640625
340.0 0.1806640625
342.0 0.18017578125
344.0 0.18017578125
346.0 0.1806640625
348.0 0.18017578125
350.0 0.1806640625
352.0 0.1806640625
354.0 0.1806640625
356.0 0.18017578125
358.0 0.1806640625
360.0 0.1806640625
363.0 0.18017578125
365.0 0.18017578125
367.0 0.1806640625
369.0 0.1806640625
371.0 0.1806640625
373.0 0.18017578125
375.0 0.1806640625
377.0 0.1806640625
379.0 0.18017578125
381.0 0.1806640625
383.0 0.18017578125
385.0 0.18017578125
387.0 0.18017578125
389.0 0.1806640625
391.0 0.18017578125
394.0 0.18017578125
396.0 0.1806640625
398.0 0.18017578125
400.0 0.18017578125
402.0 0.18017578125
404.0 0.18017578125
406.0 0.18017578125
408.0 0.18017578125
410.0 0.1806640625
412.0 0.18017578125
414.0 0.18017578125
416.0 0.18017578125
418.0 0.18017578125
420.0 0.18017578125
422.0 0.18017578125
424.0 0.18017578125
426.0 0.18017578125
429.0 0.18017578125
431.0 0.1806640625
433.0 0.18017578125
435.0 0.18017578125
437.0 0.18017578125
439.0 0.18017578125
441.0 0.18017578125
443.0 0.18017578125
445.0 0.18017578125
447.0 0.18017578125
449.0 0.18017578125
451.0 0.18017578125
453.0 0.18017578125
455.0 0.18017578125
457.0 0.1806640625
459.0 0.18017578125
462.0 0.18017578125
464.0 0.18017578125
466.0 0.18017578125
468.0 0.18017578125
470.0 0.18017578125
472.0 0.18017578125
474.0 0.1806640625
476.0 0.1806640625
478.0 0.18017578125
480.0 0.18017578125
482.0 0.18017578125
484.0 0.18017578125
486.0 0.18017578125
488.0 0.18017578125
490.0 0.18017578125
492.0 0.18017578125
494.0 0.18017578125
497.0 0.18017578125
499.0 0.18017578125
501.0 0.18017578125
503.0 0.18017578125
505.0 0.18017578125
507.0 0.18017578125
509.0 0.18017578125
511.0 0.18017578125
513.0 0.18017578125
515.0 0.18017578125
517.0 0.18017578125
519.0 0.1796875
521.0 0.18017578125
523.0 0.18017578125
525.0 0.18017578125
527.0 0.18017578125
529.0 0.18017578125
531.0 0.18017578125
534.0 0.18017578125
536.0 0.18017578125
538.0 0.18017578125
540.0 0.18017578125
542.0 0.1796875
544.0 0.18017578125
546.0 0.18017578125
548.0 0.18017578125
550.0 0.18017578125
552.0 0.1796875
554.0 0.18017578125
556.0 0.18017578125
558.0 0.18017578125
560.0 0.1796875
562.0 0.1796875
564.0 0.18017578125
567.0 0.18017578125
568.0 0.18017578125
571.0 0.18017578125
573.0 0.1796875
575.0 0.18017578125
577.0 0.18017578125
579.0 0.1796875
581.0 0.1796875
583.0 0.18017578125
585.0 0.1796875
587.0 0.18017578125
589.0 0.1796875
591.0 0.18017578125
593.0 0.18017578125
595.0 0.1796875
597.0 0.18017578125
599.0 0.1796875
601.0 0.18017578125
604.0 0.1796875
606.0 0.1796875
608.0 0.18017578125
610.0 0.1796875
612.0 0.1796875
614.0 0.1796875
616.0 0.18017578125
618.0 0.18017578125
620.0 0.18017578125
622.0 0.1796875
624.0 0.1796875
626.0 0.1796875
628.0 0.1796875
630.0 0.1796875
633.0 0.1796875
635.0 0.18017578125
637.0 0.1796875
639.0 0.1796875
641.0 0.1796875
643.0 0.1796875
645.0 0.1796875
647.0 0.1796875
649.0 0.1796875
651.0 0.1796875
653.0 0.1796875
655.0 0.1796875
657.0 0.1796875
659.0 0.18017578125
661.0 0.1796875
664.0 0.18017578125
666.0 0.1796875
668.0 0.1796875
670.0 0.1796875
672.0 0.1796875
674.0 0.1796875
676.0 0.1796875
678.0 0.1796875
680.0 0.1796875
682.0 0.18017578125
684.0 0.1796875
686.0 0.1796875
688.0 0.1796875
690.0 0.1796875
692.0 0.1796875
694.0 0.1796875
696.0 0.1796875
698.0 0.1796875
701.0 0.1796875
703.0 0.1796875
705.0 0.1796875
707.0 0.1796875
709.0 0.1796875
711.0 0.1796875
713.0 0.1796875
715.0 0.1796875
717.0 0.1796875
719.0 0.1796875
721.0 0.1796875
723.0 0.1796875
725.0 0.1796875
727.0 0.1796875
729.0 0.1796875
731.0 0.1796875
733.0 0.1796875
735.0 0.1796875
738.0 0.18017578125
740.0 0.1796875
742.0 0.1796875
744.0 0.1796875
746.0 0.1796875
748.0 0.1796875
750.0 0.1796875
752.0 0.1796875
