name: MEK
heating ramp rate: 0.5
VOC concentration: 0.25
0.0 0.16845703125
3.0 0.16845703125
5.0 0.16796875
7.0 0.16845703125
9.0 0.16796875
11.0 0.16845703125
13.0 0.16845703125
15.0 0.16845703125
17.0 0.16845703125
19.0 0.16845703125
21.0 0.16845703125
23.0 0.16845703125
25.0 0.16845703125
27.0 0.1689453125
29.0 0.1689453125
31.0 0.1689453125
33.0 0.1689453125
36.0 0.1689453125
38.0 0.1689453125
40.0 0.1689453125
42.0 0.1689453125
44.0 0.1689453125
46.0 0.16943359375
48.0 0.16943359375
50.0 0.16943359375
52.0 0.16943359375
54.0 0.16943359375
56.0 0.16943359375
58.0 0.16943359375
60.0 0.169921875
62.0 0.169921875
64.0 0.169921875
66.0 0.17041015625
68.0 0.17041015625
70.0 0.17041015625
72.0 0.17041015625
74.0 0.1708984375
77.0 0.1708984375
79.0 0.17138671875
81.0 0.17138671875
83.0 0.171875
85.0 0.171875
87.0 0.171875
89.0 0.17236328125
91.0 0.17236328125
93.0 0.1728515625
95.0 0.1728515625
97.0 0.17333984375
99.0 0.17431640625
101.0 0.17431640625
103.0 0.17529296875
105.0 0.17578125
107.0 0.17578125
109.0 0.17626953125
112.0 0.17724609375
114.0 0.177734375
116.0 0.1787109375
118.0 0.17919921875
120.0 0.1796875
122.0 0.1806640625
124.0 0.181640625
126.0 0.1826171875
128.0 0.18359375
130.0 0.1845703125
132.0 0.185546875
134.0 0.18603515625
136.0 0.18701171875
138.0 0.18798828125
140.0 0.1884765625
142.0 0.18896484375
144.0 0.189453125
147.0 0.18994140625
149.0 0.18994140625
151.0 0.18994140625
153.0 0.18994140625
155.0 0.189453125
157.0 0.189453125
159.0 0.1884765625
161.0 0.1884765625
163.0 0.18798828125
165.0 0.18798828125
167.0 0.1875
169.0 0.18701171875
171.0 0.1865234375
173.0 0.1865234375
175.0 0.1865234375
177.0 0.185546875
179.0 0.18603515625
181.0 0.185546875
184.0 0.18505859375
186.0 0.1845703125
188.0 0.1845703125
190.0 0.18408203125
192.0 0.18408203125
194.0 0.18408203125
196.0 0.18359375
198.0 0.18359375
200.0 0.18310546875
202.0 0.18310546875
204.0 0.18310546875
206.0 0.1826171875
208.0 0.1826171875
210.0 0.1826171875
212.0 0.18212890625
214.0 0.18212890625
216.0 0.18212890625
218.0 0.181640625
220.0 0.181640625
223.0 0.18115234375
225.0 0.1806640625
227.0 0.18115234375
229.0 0.1806640625
231.0 0.1806640625
233.0 0.18017578125
235.0 0.18017578125
237.0 0.18017578125
239.0 0.1796875
241.0 0.18017578125
243.0 0.18017578125
245.0 0.18017578125
247.0 0.1796875
249.0 0.1796875
251.0 0.1796875
253.0 0.17919921875
255.0 0.17919921875
257.0 0.17919921875
260.0 0.17919921875
262.0 0.17919921875
264.0 0.1787109375
266.0 0.17919921875
268.0 0.1787109375
270.0 0.1787109375
272.0 0.1787109375
274.0 0.17822265625
276.0 0.17822265625
278.0 0.17822265625
280.0 0.1787109375
282.0 0.1787109375
284.0 0.17822265625
286.0 0.17822265625
288.0 0.17822265625
290.0 0.17822265625
292.0 0.177734375
295.0 0.17822265625
297.0 0.177734375
299.0 0.177734375
301.0 0.177734375
303.0 0.177734375
305.0 0.17724609375
307.0 0.177734375
309.0 0.177734375
311.0 0.177734375
313.0 0.17724609375
315.0 0.17724609375
317.0 0.17724609375
319.0 0.17724609375
321.0 0.1767578125
323.0 0.17724609375
325.0 0.17724609375
327.0 0.1767578125
330.0 0.1767578125
332.0 0.17724609375
334.0 0.1767578125
336.0 0.1767578125
338.0 0.1767578125
340.0 0.1767578125
342.0 0.1767578125
344.0 0.1767578125
346.0 0.1767578125
348.0 0.1767578125
350.0 0.1767578125
352.0 0.1767578125
354.0 0.17626953125
356.0 0.17626953125
358.0 0.17626953125
360.0 0.17626953125
362.0 0.17626953125
365.0 0.17626953125
367.0 0.17626953125
369.0 0.1767578125
371.0 0.17626953125
373.0 0.17626953125
375.0 0.17626953125
377.0 0.17626953125
379.0 0.17626953125
381.0 0.17626953125
383.0 0.17626953125
385.0 0.17626953125
387.0 0.17626953125
389.0 0.17626953125
391.0 0.17626953125
393.0 0.17626953125
395.0 0.17626953125
397.0 0.17578125
399.0 0.17626953125
402.0 0.17578125
404.0 0.17578125
406.0 0.17578125
408.0 0.17626953125
410.0 0.17578125
412.0 0.17578125
414.0 0.17578125
416.0 0.17578125
418.0 0.17578125
420.0 0.17578125
422.0 0.17578125
424.0 0.17529296875
426.0 0.17578125
428.0 0.17529296875
430.0 0.17578125
432.0 0.17529296875
435.0 0.17578125
437.0 0.17578125
439.0 0.17529296875
441.0 0.17529296875
443.0 0.17578125
445.0 0.17529296875
447.0 0.17578125
449.0 0.17578125
451.0 0.17578125
453.0 0.17578125
455.0 0.17578125
457.0 0.17578125
459.0 0.17529296875
461.0 0.17578125
463.0 0.17578125
465.0 0.17578125
468.0 0.17578125
470.0 0.17578125
472.0 0.17529296875
474.0 0.17529296875
476.0 0.17578125
478.0 0.17529296875
480.0 0.17529296875
482.0 0.17578125
484.0 0.17529296875
486.0 0.17578125
488.0 0.17529296875
490.0 0.17529296875
492.0 0.17578125
494.0 0.17529296875
496.0 0.17529296875
498.0 0.17529296875
500.0 0.17529296875
502.0 0.17529296875
504.0 0.17529296875
507.0 0.17529296875
509.0 0.17529296875
511.0 0.1748046875
513.0 0.17529296875
515.0 0.17529296875
517.0 0.17529296875
519.0 0.17529296875
521.0 0.17529296875
523.0 0.1748046875
525.0 0.17529296875
527.0 0.17529296875
529.0 0.17529296875
531.0 0.17529296875
533.0 0.17529296875
535.0 0.17529296875
537.0 0.17529296875
539.0 0.17529296875
541.0 0.17529296875
543.0 0.17529296875
546.0 0.17529296875
548.0 0.17529296875
550.0 0.17529296875
552.0 0.17529296875
554.0 0.17529296875
556.0 0.17529296875
558.0 0.17578125
560.0 0.17529296875
562.0 0.17529296875
564.0 0.17529296875
566.0 0.17529296875
568.0 0.17529296875
570.0 0.1748046875
572.0 0.17529296875
574.0 0.17529296875
576.0 0.17529296875
578.0 0.17529296875
581.0 0.17529296875
583.0 0.17529296875
585.0 0.17529296875
587.0 0.17529296875
589.0 0.17529296875
591.0 0.17529296875
593.0 0.17529296875
595.0 0.17529296875
597.0 0.17529296875
599.0 0.17529296875
601.0 0.17529296875
603.0 0.17529296875
605.0 0.17529296875
607.0 0.17529296875
609.0 0.17529296875
612.0 0.17529296875
614.0 0.17529296875
616.0 0.1748046875
618.0 0.1748046875
620.0 0.17529296875
622.0 0.17529296875
624.0 0.17529296875
626.0 0.17529296875
628.0 0.17529296875
630.0 0.1748046875
632.0 0.17529296875
634.0 0.1748046875
636.0 0.17529296875
638.0 0.17529296875
640.0 0.1748046875
642.0 0.1748046875
645.0 0.17529296875
647.0 0.1748046875
649.0 0.17529296875
651.0 0.17529296875
653.0 0.17529296875
655.0 0.17529296875
657.0 0.1748046875
659.0 0.17529296875
661.0 0.17529296875
663.0 0.17529296875
665.0 0.17529296875
667.0 0.17529296875
669.0 0.1748046875
671.0 0.17529296875
673.0 0.17529296875
675.0 0.17529296875
677.0 0.17529296875
679.0 0.1748046875
681.0 0.17529296875
683.0 0.17529296875
686.0 0.17529296875
688.0 0.17529296875
690.0 0.17529296875
692.0 0.17529296875
694.0 0.17529296875
696.0 0.17529296875
698.0 0.17529296875
700.0 0.17529296875
702.0 0.17529296875
704.0 0.17529296875
706.0 0.17529296875
708.0 0.1748046875
710.0 0.17529296875
712.0 0.17529296875
714.0 0.1748046875
716.0 0.17529296875
718.0 0.1748046875
721.0 0.1748046875
723.0 0.17529296875
725.0 0.17529296875
727.0 0.17529296875
729.0 0.17529296875
731.0 0.1748046875
733.0 0.1748046875
735.0 0.17529296875
737.0 0.17529296875
739.0 0.17529296875
741.0 0.1748046875
743.0 0.17529296875
745.0 0.17529296875
747.0 0.1748046875
749.0 0.17529296875
751.0 0.17529296875
