name: MEK
heating ramp rate: 0.5
VOC concentration: 0.02
0.0 0.158203125
2.0 0.158203125
4.0 0.15869140625
6.0 0.158203125
8.0 0.158203125
10.0 0.158203125
12.0 0.15869140625
15.0 0.158203125
17.0 0.158203125
19.0 0.15869140625
21.0 0.15869140625
23.0 0.15869140625
25.0 0.158203125
27.0 0.158203125
29.0 0.15869140625
31.0 0.158203125
33.0 0.15869140625
35.0 0.15869140625
37.0 0.15869140625
39.0 0.15869140625
41.0 0.15869140625
43.0 0.15869140625
45.0 0.15869140625
47.0 0.15869140625
49.0 0.15869140625
51.0 0.15869140625
54.0 0.158203125
56.0 0.15869140625
58.0 0.15869140625
60.0 0.15869140625
62.0 0.15869140625
64.0 0.15869140625
66.0 0.15869140625
68.0 0.15869140625
70.0 0.15869140625
72.0 0.15869140625
74.0 0.15869140625
76.0 0.15869140625
78.0 0.15869140625
80.0 0.15869140625
82.0 0.15869140625
84.0 0.15869140625
87.0 0.158203125
89.0 0.158203125
91.0 0.15869140625
93.0 0.15869140625
95.0 0.15869140625
97.0 0.15869140625
99.0 0.15869140625
101.0 0.15869140625
103.0 0.15869140625
105.0 0.15869140625
107.0 0.15869140625
109.0 0.15869140625
111.0 0.15869140625
113.0 0.158203125
115.0 0.15869140625
117.0 0.15869140625
120.0 0.15869140625
122.0 0.15869140625
124.0 0.15869140625
126.0 0.15869140625
128.0 0.15869140625
130.0 0.15869140625
132.0 0.1591796875
134.0 0.15869140625
136.0 0.15869140625
138.0 0.1591796875
140.0 0.1591796875
142.0 0.1591796875
144.0 0.15966796875
146.0 0.15966796875
148.0 0.1591796875
150.0 0.1591796875
152.0 0.1591796875
155.0 0.15966796875
157.0 0.15966796875
159.0 0.15966796875
161.0 0.15966796875
163.0 0.15966796875
165.0 0.15966796875
167.0 0.15966796875
169.0 0.15966796875
171.0 0.16015625
173.0 0.16015625
175.0 0.15966796875
177.0 0.16015625
179.0 0.16015625
181.0 0.16015625
183.0 0.15966796875
186.0 0.15966796875
188.0 0.16015625
190.0 0.16015625
192.0 0.16015625
194.0 0.16015625
196.0 0.16064453125
198.0 0.16015625
200.0 0.16015625
202.0 0.16015625
204.0 0.16015625
206.0 0.16015625
208.0 0.16015625
210.0 0.16064453125
212.0 0.16064453125
214.0 0.16064453125
216.0 0.16064453125
219.0 0.16064453125
221.0 0.16064453125
223.0 0.16064453125
225.0 0.16064453125
227.0 0.1611328125
229.0 0.1611328125
231.0 0.16064453125
233.0 0.16064453125
235.0 0.16064453125
237.0 0.1611328125
239.0 0.16064453125
241.0 0.1611328125
243.0 0.1611328125
245.0 0.16064453125
247.0 0.16064453125
249.0 0.1611328125
251.0 0.1611328125
253.0 0.1611328125
255.0 0.1611328125
258.0 0.1611328125
260.0 0.1611328125
262.0 0.1611328125
264.0 0.1611328125
266.0 0.1611328125
268.0 0.1611328125
270.0 0.1611328125
272.0 0.16162109375
274.0 0.16162109375
276.0 0.1611328125
278.0 0.1611328125
280.0 0.1611328125
282.0 0.1611328125
284.0 0.16162109375
286.0 0.1611328125
288.0 0.16162109375
291.0 0.16162109375
293.0 0.16162109375
295.0 0.1611328125
297.0 0.16162109375
299.0 0.16162109375
301.0 0.1611328125
303.0 0.16162109375
305.0 0.16162109375
307.0 0.16162109375
309.0 0.16162109375
311.0 0.16162109375
313.0 0.16162109375
315.0 0.162109375
317.0 0.16162109375
319.0 0.16162109375
321.0 0.16162109375
323.0 0.16162109375
326.0 0.16162109375
328.0 0.16162109375
330.0 0.16162109375
332.0 0.162109375
334.0 0.162109375
336.0 0.16162109375
338.0 0.16162109375
340.0 0.16162109375
342.0 0.16162109375
344.0 0.16162109375
346.0 0.16162109375
348.0 0.16162109375
350.0 0.162109375
352.0 0.162109375
354.0 0.16162109375
356.0 0.162109375
358.0 0.162109375
361.0 0.162109375
363.0 0.162109375
365.0 0.162109375
367.0 0.162109375
369.0 0.16162109375
371.0 0.162109375
373.0 0.162109375
375.0 0.162109375
377.0 0.162109375
379.0 0.162109375
381.0 0.162109375
383.0 0.162109375
385.0 0.162109375
387.0 0.162109375
389.0 0.162109375
391.0 0.162109375
393.0 0.162109375
396.0 0.162109375
398.0 0.162109375
400.0 0.162109375
402.0 0.162109375
404.0 0.162109375
406.0 0.162109375
408.0 0.162109375
410.0 0.162109375
412.0 0.162109375
414.0 0.162109375
416.0 0.162109375
418.0 0.162109375
420.0 0.162109375
423.0 0.162109375
425.0 0.162109375
427.0 0.162109375
429.0 0.162109375
431.0 0.16259765625
433.0 0.162109375
435.0 0.162109375
437.0 0.162109375
439.0 0.162109375
441.0 0.162109375
443.0 0.16259765625
445.0 0.16259765625
447.0 0.162109375
449.0 0.162109375
451.0 0.16259765625
453.0 0.16259765625
455.0 0.16259765625
458.0 0.16259765625
460.0 0.16259765625
462.0 0.162109375
464.0 0.16259765625
466.0 0.16259765625
468.0 0.16259765625
470.0 0.16259765625
472.0 0.16259765625
474.0 0.16259765625
476.0 0.162109375
478.0 0.16259765625
480.0 0.162109375
482.0 0.16259765625
484.0 0.162109375
486.0 0.16259765625
489.0 0.16259765625
491.0 0.16259765625
493.0 0.162109375
495.0 0.162109375
497.0 0.16259765625
499.0 0.16259765625
501.0 0.16259765625
503.0 0.1630859375
505.0 0.16259765625
507.0 0.162109375
509.0 0.16259765625
511.0 0.16259765625
513.0 0.16259765625
515.0 0.16259765625
517.0 0.16259765625
519.0 0.16259765625
521.0 0.16259765625
523.0 0.16259765625
525.0 0.16259765625
527.0 0.1630859375
530.0 0.16259765625
532.0 0.16259765625
534.0 0.16259765625
536.0 0.16259765625
538.0 0.16259765625
540.0 0.16259765625
542.0 0.16259765625
544.0 0.16259765625
546.0 0.16259765625
548.0 0.1630859375
550.0 0.1630859375
552.0 0.16259765625
554.0 0.16259765625
556.0 0.16259765625
558.0 0.16259765625
560.0 0.16259765625
562.0 0.16259765625
564.0 0.16259765625
566.0 0.16259765625
568.0 0.1630859375
571.0 0.16259765625
573.0 0.1630859375
575.0 0.1630859375
577.0 0.16259765625
579.0 0.1630859375
581.0 0.16259765625
583.0 0.16259765625
585.0 0.16259765625
587.0 0.16259765625
589.0 0.1630859375
591.0 0.16259765625
593.0 0.16259765625
595.0 0.1630859375
597.0 0.1630859375
599.0 0.16259765625
601.0 0.1630859375
603.0 0.1630859375
606.0 0.1630859375
608.0 0.16259765625
610.0 0.1630859375
612.0 0.1630859375
614.0 0.1630859375
616.0 0.1630859375
618.0 0.1630859375
620.0 0.1630859375
622.0 0.16259765625
624.0 0.1630859375
626.0 0.16259765625
628.0 0.1630859375
630.0 0.1630859375
632.0 0.16259765625
634.0 0.1630859375
637.0 0.16259765625
639.0 0.16259765625
641.0 0.16259765625
643.0 0.1630859375
645.0 0.1630859375
647.0 0.1630859375
649.0 0.1630859375
651.0 0.1630859375
653.0 0.1630859375
655.0 0.1630859375
657.0 0.1630859375
659.0 0.1630859375
661.0 0.1630859375
663.0 0.1630859375
665.0 0.16259765625
667.0 0.1630859375
670.0 0.16357421875
672.0 0.1630859375
674.0 0.1630859375
676.0 0.16357421875
678.0 0.1630859375
680.0 0.1630859375
682.0 0.1630859375
684.0 0.1630859375
686.0 0.1630859375
688.0 0.1630859375
690.0 0.1630859375
692.0 0.1630859375
694.0 0.1630859375
696.0 0.1630859375
698.0 0.1630859375
701.0 0.1630859375
703.0 0.1630859375
705.0 0.1630859375
707.0 0.1630859375
709.0 0.1630859375
711.0 0.1630859375
713.0 0.1630859375
715.0 0.1630859375
717.0 0.1630859375
719.0 0.1630859375
721.0 0.1630859375
723.0 0.1630859375
725.0 0.1630859375
727.0 0.1630859375
729.0 0.1630859375
731.0 0.1630859375
733.0 0.1630859375
736.0 0.1630859375
738.0 0.1630859375
740.0 0.16357421875
742.0 0.1630859375
744.0 0.1630859375
746.0 0.16357421875
748.0 0.1630859375
750.0 0.1630859375
