name: MEK
heating ramp rate: 0.5
VOC concentration: 0.03
0.0 0.16357421875
2.0 0.16357421875
4.0 0.16357421875
6.0 0.16357421875
8.0 0.16357421875
10.0 0.1630859375
12.0 0.1630859375
14.0 0.16357421875
16.0 0.16357421875
19.0 0.16357421875
21.0 0.16357421875
23.0 0.16357421875
25.0 0.16357421875
27.0 0.16357421875
29.0 0.16357421875
31.0 0.1640625
33.0 0.16357421875
35.0 0.1640625
37.0 0.16357421875
39.0 0.16357421875
41.0 0.16357421875
43.0 0.16357421875
45.0 0.1640625
47.0 0.16357421875
49.0 0.1640625
51.0 0.1640625
53.0 0.1640625
56.0 0.1640625
58.0 0.1640625
60.0 0.16455078125
62.0 0.1640625
64.0 0.1640625
66.0 0.1640625
68.0 0.1640625
70.0 0.1640625
72.0 0.1640625
74.0 0.1640625
76.0 0.1640625
78.0 0.1640625
80.0 0.16455078125
82.0 0.16455078125
84.0 0.1640625
86.0 0.1640625
88.0 0.16455078125
90.0 0.16455078125
93.0 0.16455078125
95.0 0.16455078125
97.0 0.1650390625
99.0 0.16455078125
101.0 0.16455078125
103.0 0.1650390625
105.0 0.1650390625
107.0 0.16552734375
109.0 0.1650390625
111.0 0.16552734375
113.0 0.16552734375
115.0 0.16552734375
117.0 0.16552734375
119.0 0.16552734375
121.0 0.16552734375
123.0 0.166015625
125.0 0.166015625
128.0 0.16650390625
130.0 0.166015625
132.0 0.16650390625
134.0 0.16650390625
136.0 0.1669921875
138.0 0.1669921875
140.0 0.1669921875
142.0 0.1669921875
144.0 0.1669921875
146.0 0.16748046875
148.0 0.1669921875
150.0 0.16748046875
152.0 0.1669921875
154.0 0.1669921875
156.0 0.1669921875
158.0 0.1669921875
160.0 0.1669921875
162.0 0.1669921875
165.0 0.1669921875
167.0 0.1669921875
169.0 0.1669921875
171.0 0.1669921875
173.0 0.1669921875
175.0 0.1669921875
177.0 0.1669921875
179.0 0.1669921875
181.0 0.1669921875
183.0 0.1669921875
185.0 0.1669921875
187.0 0.1669921875
189.0 0.1669921875
191.0 0.1669921875
193.0 0.1669921875
195.0 0.1669921875
197.0 0.1669921875
200.0 0.1669921875
202.0 0.16650390625
204.0 0.1669921875
206.0 0.16650390625
208.0 0.1669921875
210.0 0.1669921875
212.0 0.1669921875
214.0 0.16650390625
216.0 0.1669921875
218.0 0.16650390625
220.0 0.16650390625
222.0 0.1669921875
224.0 0.16650390625
226.0 0.1669921875
228.0 0.16650390625
231.0 0.1669921875
233.0 0.1669921875
235.0 0.1669921875
237.0 0.16650390625
239.0 0.16650390625
241.0 0.1669921875
243.0 0.1669921875
245.0 0.1669921875
247.0 0.1669921875
249.0 0.16650390625
251.0 0.16650390625
253.0 0.1669921875
255.0 0.16650390625
257.0 0.1669921875
259.0 0.1669921875
261.0 0.1669921875
263.0 0.16650390625
266.0 0.1669921875
268.0 0.16650390625
270.0 0.16650390625
272.0 0.1669921875
274.0 0.1669921875
276.0 0.1669921875
278.0 0.16650390625
280.0 0.1669921875
282.0 0.1669921875
284.0 0.16650390625
286.0 0.16650390625
288.0 0.16650390625
290.0 0.16650390625
292.0 0.16650390625
294.0 0.16650390625
296.0 0.1669921875
298.0 0.1669921875
301.0 0.1669921875
303.0 0.1669921875
305.0 0.1669921875
307.0 0.16650390625
309.0 0.16650390625
311.0 0.16650390625
313.0 0.16650390625
315.0 0.1669921875
317.0 0.16650390625
319.0 0.16650390625
321.0 0.16650390625
323.0 0.16650390625
325.0 0.16650390625
327.0 0.16650390625
329.0 0.16650390625
331.0 0.16650390625
334.0 0.1669921875
336.0 0.16650390625
338.0 0.1669921875
340.0 0.16650390625
342.0 0.16650390625
344.0 0.16650390625
346.0 0.16650390625
348.0 0.16650390625
350.0 0.16650390625
352.0 0.16650390625
354.0 0.1669921875
356.0 0.1669921875
358.0 0.16650390625
360.0 0.16650390625
362.0 0.1669921875
364.0 0.16650390625
366.0 0.16650390625
368.0 0.16650390625
371.0 0.16650390625
373.0 0.16650390625
375.0 0.16650390625
377.0 0.16650390625
379.0 0.1669921875
381.0 0.1669921875
383.0 0.1669921875
385.0 0.1669921875
387.0 0.16650390625
389.0 0.16650390625
391.0 0.16650390625
393.0 0.16650390625
395.0 0.16650390625
397.0 0.16650390625
399.0 0.16650390625
401.0 0.16650390625
404.0 0.16650390625
406.0 0.1669921875
408.0 0.16650390625
410.0 0.16650390625
412.0 0.16650390625
414.0 0.16650390625
416.0 0.16650390625
418.0 0.16650390625
420.0 0.16650390625
422.0 0.16650390625
424.0 0.1669921875
426.0 0.1669921875
428.0 0.16650390625
430.0 0.16650390625
432.0 0.1669921875
434.0 0.16650390625
436.0 0.16650390625
438.0 0.16650390625
441.0 0.16650390625
443.0 0.1669921875
445.0 0.16650390625
447.0 0.16650390625
449.0 0.1669921875
451.0 0.16650390625
453.0 0.16650390625
455.0 0.16650390625
457.0 0.16650390625
459.0 0.16650390625
461.0 0.16650390625
463.0 0.1669921875
465.0 0.1669921875
467.0 0.16650390625
469.0 0.16650390625
471.0 0.16650390625
474.0 0.16650390625
476.0 0.1669921875
478.0 0.16650390625
480.0 0.16650390625
482.0 0.16650390625
484.0 0.1669921875
486.0 0.16650390625
488.0 0.16650390625
490.0 0.16650390625
492.0 0.1669921875
494.0 0.16650390625
496.0 0.1669921875
498.0 0.16650390625
500.0 0.16650390625
502.0 0.1669921875
504.0 0.1669921875
506.0 0.16650390625
508.0 0.16650390625
510.0 0.16650390625
513.0 0.1669921875
515.0 0.16650390625
517.0 0.1669921875
519.0 0.16650390625
521.0 0.16650390625
523.0 0.16650390625
525.0 0.16650390625
527.0 0.1669921875
529.0 0.1669921875
531.0 0.16650390625
533.0 0.1669921875
535.0 0.16650390625
537.0 0.16650390625
539.0 0.16650390625
541.0 0.1669921875
543.0 0.1669921875
545.0 0.1669921875
548.0 0.16650390625
550.0 0.16650390625
552.0 0.16650390625
554.0 0.16650390625
556.0 0.16650390625
558.0 0.1669921875
560.0 0.1669921875
562.0 0.1669921875
564.0 0.1669921875
566.0 0.16650390625
568.0 0.1669921875
570.0 0.16650390625
572.0 0.16650390625
574.0 0.1669921875
576.0 0.1669921875
578.0 0.16650390625
580.0 0.1669921875
582.0 0.1669921875
585.0 0.1669921875
587.0 0.16650390625
589.0 0.1669921875
591.0 0.16650390625
593.0 0.16650390625
595.0 0.1669921875
597.0 0.16650390625
599.0 0.1669921875
601.0 0.1669921875
603.0 0.16650390625
605.0 0.16650390625
607.0 0.16650390625
609.0 0.1669921875
611.0 0.1669921875
613.0 0.1669921875
615.0 0.1669921875
617.0 0.1669921875
619.0 0.1669921875
621.0 0.16650390625
624.0 0.16650390625
626.0 0.16650390625
628.0 0.16650390625
630.0 0.16650390625
632.0 0.1669921875
634.0 0.1669921875
636.0 0.1669921875
638.0 0.1669921875
640.0 0.16650390625
642.0 0.16650390625
644.0 0.16650390625
646.0 0.1669921875
648.0 0.1669921875
650.0 0.16650390625
652.0 0.1669921875
654.0 0.1669921875
657.0 0.1669921875
659.0 0.1669921875
661.0 0.16650390625
663.0 0.1669921875
665.0 0.16650390625
667.0 0.16650390625
669.0 0.1669921875
671.0 0.1669921875
673.0 0.1669921875
675.0 0.1669921875
677.0 0.1669921875
679.0 0.1669921875
681.0 0.16650390625
683.0 0.16650390625
685.0 0.1669921875
687.0 0.1669921875
689.0 0.16650390625
691.0 0.1669921875
693.0 0.16650390625
696.0 0.16650390625
698.0 0.1669921875
700.0 0.1669921875
702.0 0.1669921875
704.0 0.16650390625
706.0 0.16650390625
708.0 0.1669921875
710.0 0.16650390625
712.0 0.16650390625
714.0 0.1669921875
716.0 0.16650390625
718.0 0.1669921875
720.0 0.1669921875
722.0 0.1669921875
724.0 0.1669921875
726.0 0.1669921875
728.0 0.1669921875
731.0 0.16650390625
733.0 0.1669921875
735.0 0.1669921875
737.0 0.16650390625
739.0 0.1669921875
741.0 0.1669921875
743.0 0.1669921875
745.0 0.1669921875
747.0 0.1669921875
749.0 0.1669921875
