name: MEK
heating ramp rate: 0.5
VOC concentration: 0.05
0.0 0.1630859375
2.0 0.16259765625
4.0 0.1630859375
6.0 0.1630859375
8.0 0.1630859375
10.0 0.1630859375
12.0 0.1630859375
14.0 0.16357421875
16.0 0.1630859375
18.0 0.1630859375
20.0 0.1630859375
22.0 0.1630859375
24.0 0.1630859375
26.0 0.1630859375
28.0 0.1630859375
30.0 0.1630859375
33.0 0.16357421875
35.0 0.16357421875
37.0 0.16357421875
39.0 0.16357421875
41.0 0.16357421875
43.0 0.16357421875
45.0 0.16357421875
47.0 0.16357421875
49.0 0.16357421875
51.0 0.16357421875
53.0 0.1630859375
55.0 0.16357421875
57.0 0.16357421875
59.0 0.16357421875
61.0 0.16357421875
63.0 0.16357421875
65.0 0.16357421875
68.0 0.1640625
70.0 0.1640625
72.0 0.1640625
74.0 0.1640625
76.0 0.1640625
78.0 0.1640625
80.0 0.16455078125
82.0 0.1640625
84.0 0.1640625
86.0 0.1640625
88.0 0.16455078125
90.0 0.16455078125
92.0 0.16455078125
94.0 0.16455078125
96.0 0.16455078125
99.0 0.16455078125
101.0 0.1650390625
103.0 0.16455078125
105.0 0.1650390625
107.0 0.1650390625
109.0 0.16552734375
111.0 0.16552734375
113.0 0.16552734375
115.0 0.166015625
117.0 0.166015625
119.0 0.16650390625
121.0 0.16650390625
123.0 0.16650390625
125.0 0.1669921875
127.0 0.1669921875
129.0 0.16748046875
131.0 0.16748046875
133.0 0.16748046875
135.0 0.16796875
138.0 0.16796875
140.0 0.16796875
142.0 0.16796875
144.0 0.16845703125
146.0 0.1689453125
148.0 0.16845703125
150.0 0.16845703125
152.0 0.1689453125
154.0 0.16845703125
156.0 0.16845703125
158.0 0.1689453125
160.0 0.16845703125
162.0 0.16845703125
164.0 0.16845703125
166.0 0.16845703125
168.0 0.16845703125
170.0 0.16845703125
172.0 0.16845703125
174.0 0.16796875
176.0 0.16796875
178.0 0.16845703125
181.0 0.16796875
183.0 0.16796875
185.0 0.16796875
187.0 0.16796875
189.0 0.16796875
191.0 0.16796875
193.0 0.16796875
195.0 0.16796875
197.0 0.16796875
199.0 0.16796875
201.0 0.16796875
203.0 0.16796875
205.0 0.16796875
207.0 0.16796875
209.0 0.16796875
211.0 0.16796875
213.0 0.16796875
215.0 0.16748046875
217.0 0.16796875
220.0 0.16796875
222.0 0.16748046875
224.0 0.16796875
226.0 0.16796875
228.0 0.16796875
230.0 0.16796875
232.0 0.16796875
234.0 0.16796875
236.0 0.16748046875
238.0 0.16748046875
240.0 0.16796875
242.0 0.16748046875
244.0 0.16796875
246.0 0.16796875
248.0 0.16796875
250.0 0.16796875
253.0 0.16796875
255.0 0.16796875
257.0 0.16748046875
259.0 0.16748046875
261.0 0.16748046875
263.0 0.16796875
265.0 0.16748046875
267.0 0.16748046875
269.0 0.16796875
271.0 0.16748046875
273.0 0.16748046875
275.0 0.16748046875
277.0 0.16748046875
279.0 0.16748046875
281.0 0.16748046875
283.0 0.16748046875
286.0 0.16748046875
288.0 0.16748046875
290.0 0.16748046875
292.0 0.16796875
294.0 0.16748046875
296.0 0.16748046875
298.0 0.16748046875
300.0 0.16748046875
302.0 0.16796875
304.0 0.16748046875
306.0 0.16748046875
308.0 0.16748046875
310.0 0.16748046875
312.0 0.16796875
314.0 0.16796875
316.0 0.16748046875
318.0 0.16748046875
320.0 0.16748046875
322.0 0.16748046875
324.0 0.16748046875
327.0 0.16748046875
329.0 0.16748046875
331.0 0.16748046875
333.0 0.16748046875
335.0 0.16748046875
337.0 0.16748046875
339.0 0.16748046875
341.0 0.16748046875
343.0 0.16796875
345.0 0.16796875
347.0 0.16748046875
349.0 0.16748046875
351.0 0.16796875
353.0 0.16748046875
355.0 0.16748046875
357.0 0.16748046875
359.0 0.16748046875
361.0 0.16748046875
363.0 0.16748046875
365.0 0.16748046875
367.0 0.16748046875
370.0 0.16748046875
372.0 0.16748046875
374.0 0.16748046875
376.0 0.16748046875
378.0 0.16748046875
380.0 0.16748046875
382.0 0.16748046875
384.0 0.16748046875
386.0 0.16748046875
388.0 0.16748046875
390.0 0.16748046875
392.0 0.16748046875
394.0 0.16748046875
396.0 0.16748046875
398.0 0.16748046875
400.0 0.16748046875
403.0 0.16748046875
405.0 0.16748046875
407.0 0.16748046875
409.0 0.16748046875
411.0 0.16748046875
413.0 0.16748046875
415.0 0.16748046875
417.0 0.16748046875
419.0 0.16748046875
421.0 0.16748046875
423.0 0.16748046875
425.0 0.16748046875
427.0 0.16748046875
429.0 0.16748046875
431.0 0.16748046875
433.0 0.16748046875
435.0 0.16748046875
437.0 0.16748046875
440.0 0.16748046875
442.0 0.16796875
444.0 0.16748046875
446.0 0.16748046875
448.0 0.16748046875
450.0 0.16748046875
452.0 0.16748046875
454.0 0.16748046875
456.0 0.16748046875
458.0 0.16748046875
460.0 0.16748046875
462.0 0.16748046875
464.0 0.16748046875
466.0 0.16748046875
468.0 0.16748046875
470.0 0.16748046875
473.0 0.16748046875
475.0 0.16748046875
477.0 0.16748046875
479.0 0.16748046875
481.0 0.16748046875
483.0 0.16748046875
485.0 0.16748046875
487.0 0.16748046875
489.0 0.16748046875
491.0 0.16748046875
493.0 0.16748046875
495.0 0.16748046875
497.0 0.16748046875
499.0 0.16748046875
502.0 0.16748046875
504.0 0.16748046875
506.0 0.16796875
508.0 0.16748046875
510.0 0.16748046875
512.0 0.16748046875
514.0 0.16796875
516.0 0.16748046875
518.0 0.16748046875
520.0 0.16748046875
522.0 0.16748046875
524.0 0.16748046875
526.0 0.16748046875
528.0 0.16748046875
530.0 0.16796875
532.0 0.16796875
534.0 0.16748046875
536.0 0.16748046875
539.0 0.16748046875
541.0 0.16796875
543.0 0.16748046875
545.0 0.16748046875
547.0 0.16748046875
549.0 0.1669921875
551.0 0.16796875
553.0 0.16796875
555.0 0.16748046875
557.0 0.16748046875
559.0 0.16748046875
561.0 0.16796875
563.0 0.16748046875
565.0 0.16748046875
567.0 0.16796875
569.0 0.16796875
572.0 0.16748046875
574.0 0.16748046875
576.0 0.16748046875
578.0 0.16748046875
580.0 0.16748046875
582.0 0.16748046875
584.0 0.16748046875
586.0 0.16748046875
588.0 0.16796875
590.0 0.16748046875
592.0 0.16796875
594.0 0.16748046875
596.0 0.16748046875
598.0 0.16748046875
601.0 0.16796875
603.0 0.16748046875
605.0 0.16748046875
607.0 0.16748046875
609.0 0.16748046875
611.0 0.16748046875
613.0 0.16748046875
615.0 0.16796875
617.0 0.16748046875
619.0 0.16748046875
621.0 0.16748046875
623.0 0.16796875
625.0 0.16748046875
627.0 0.16748046875
629.0 0.16796875
631.0 0.16796875
633.0 0.16748046875
636.0 0.16748046875
638.0 0.16748046875
640.0 0.16796875
642.0 0.16748046875
644.0 0.16796875
646.0 0.16748046875
648.0 0.16748046875
650.0 0.16796875
652.0 0.16748046875
654.0 0.16748046875
656.0 0.16796875
658.0 0.16796875
660.0 0.16748046875
662.0 0.16748046875
664.0 0.16796875
667.0 0.16748046875
668.0 0.16748046875
671.0 0.16796875
673.0 0.16796875
675.0 0.16748046875
677.0 0.16796875
679.0 0.16796875
681.0 0.16796875
683.0 0.16748046875
685.0 0.16796875
687.0 0.16796875
689.0 0.16796875
691.0 0.16796875
693.0 0.16748046875
695.0 0.16796875
697.0 0.16796875
699.0 0.16796875
701.0 0.16796875
703.0 0.16796875
705.0 0.16796875
707.0 0.16748046875
709.0 0.16748046875
711.0 0.16748046875
713.0 0.16796875
715.0 0.16748046875
717.0 0.16796875
719.0 0.16796875
722.0 0.16796875
724.0 0.16796875
726.0 0.16748046875
728.0 0.16748046875
730.0 0.16796875
732.0 0.16796875
734.0 0.16796875
736.0 0.16796875
738.0 0.16796875
740.0 0.16748046875
742.0 0.16796875
744.0 0.16796875
746.0 0.16796875
748.0 0.16748046875
750.0 0.16796875
