name: oXylene
heating ramp rate: 0.5
VOC concentration: 0.02
0.0 0.1640625
2.0 0.1640625
4.0 0.1640625
6.0 0.1640625
8.0 0.1640625
10.0 0.1640625
12.0 0.16455078125
14.0 0.1640625
16.0 0.16455078125
18.0 0.16455078125
20.0 0.16455078125
22.0 0.1650390625
25.0 0.16455078125
27.0 0.1650390625
29.0 0.1650390625
31.0 0.16552734375
33.0 0.166015625
35.0 0.16552734375
37.0 0.16650390625
39.0 0.16650390625
41.0 0.1669921875
43.0 0.16748046875
45.0 0.16796875
47.0 0.16796875
49.0 0.1689453125
51.0 0.1689453125
53.0 0.169921875
55.0 0.17041015625
57.0 0.1708984375
59.0 0.17138671875
61.0 0.171875
64.0 0.17236328125
66.0 0.17333984375
68.0 0.173828125
70.0 0.1748046875
72.0 0.17578125
74.0 0.1767578125
76.0 0.17724609375
78.0 0.17822265625
80.0 0.17919921875
82.0 0.18017578125
84.0 0.18115234375
86.0 0.18212890625
88.0 0.18310546875
90.0 0.18408203125
92.0 0.18505859375
95.0 0.18603515625
97.0 0.1865234375
99.0 0.1875
101.0 0.1884765625
103.0 0.189453125
105.0 0.189453125
107.0 0.1904296875
109.0 0.19091796875
111.0 0.19140625
113.0 0.19189453125
115.0 0.19189453125
117.0 0.1923828125
120.0 0.1923828125
122.0 0.1923828125
124.0 0.19189453125
126.0 0.19189453125
128.0 0.19140625
130.0 0.19091796875
132.0 0.1904296875
134.0 0.189453125
136.0 0.1884765625
138.0 0.1875
140.0 0.1865234375
142.0 0.185546875
144.0 0.1845703125
146.0 0.18359375
148.0 0.1826171875
151.0 0.181640625
153.0 0.1806640625
155.0 0.1796875
157.0 0.1787109375
159.0 0.17822265625
161.0 0.177734375
163.0 0.1767578125
165.0 0.1767578125
167.0 0.17626953125
169.0 0.17626953125
171.0 0.17578125
173.0 0.17529296875
175.0 0.17529296875
177.0 0.17529296875
179.0 0.17529296875
181.0 0.1748046875
183.0 0.1748046875
185.0 0.1748046875
188.0 0.1748046875
190.0 0.17431640625
192.0 0.17431640625
194.0 0.17431640625
196.0 0.173828125
198.0 0.173828125
200.0 0.17431640625
202.0 0.173828125
204.0 0.173828125
206.0 0.173828125
208.0 0.173828125
210.0 0.17333984375
212.0 0.173828125
214.0 0.173828125
216.0 0.173828125
218.0 0.17333984375
221.0 0.173828125
223.0 0.17333984375
225.0 0.17333984375
227.0 0.173828125
229.0 0.17333984375
231.0 0.17333984375
233.0 0.17333984375
235.0 0.17333984375
237.0 0.1728515625
239.0 0.17333984375
241.0 0.17333984375
243.0 0.17333984375
245.0 0.1728515625
248.0 0.17333984375
250.0 0.1728515625
252.0 0.17333984375
254.0 0.17333984375
256.0 0.17333984375
258.0 0.17333984375
260.0 0.1728515625
262.0 0.17333984375
264.0 0.17333984375
266.0 0.1728515625
268.0 0.17333984375
270.0 0.17333984375
272.0 0.1728515625
275.0 0.1728515625
277.0 0.17333984375
279.0 0.1728515625
281.0 0.1728515625
283.0 0.17333984375
285.0 0.1728515625
287.0 0.1728515625
289.0 0.17333984375
291.0 0.17333984375
293.0 0.1728515625
295.0 0.1728515625
297.0 0.17333984375
299.0 0.1728515625
301.0 0.1728515625
304.0 0.1728515625
306.0 0.1728515625
308.0 0.17333984375
310.0 0.17333984375
312.0 0.1728515625
314.0 0.1728515625
316.0 0.1728515625
318.0 0.1728515625
320.0 0.1728515625
322.0 0.1728515625
324.0 0.1728515625
326.0 0.1728515625
328.0 0.1728515625
330.0 0.1728515625
332.0 0.1728515625
334.0 0.1728515625
336.0 0.1728515625
338.0 0.1728515625
341.0 0.1728515625
343.0 0.1728515625
345.0 0.1728515625
347.0 0.17236328125
349.0 0.1728515625
351.0 0.1728515625
353.0 0.1728515625
355.0 0.1728515625
357.0 0.1728515625
359.0 0.17236328125
361.0 0.1728515625
363.0 0.17236328125
365.0 0.1728515625
367.0 0.1728515625
369.0 0.1728515625
372.0 0.17236328125
374.0 0.17236328125
376.0 0.17236328125
378.0 0.1728515625
380.0 0.17236328125
382.0 0.1728515625
384.0 0.1728515625
386.0 0.1728515625
388.0 0.17236328125
390.0 0.17236328125
392.0 0.1728515625
394.0 0.17236328125
397.0 0.17236328125
399.0 0.1728515625
401.0 0.1728515625
403.0 0.17236328125
405.0 0.17236328125
407.0 0.17236328125
409.0 0.1728515625
411.0 0.17236328125
413.0 0.17236328125
415.0 0.1728515625
417.0 0.17236328125
419.0 0.1728515625
421.0 0.1728515625
424.0 0.17236328125
426.0 0.1728515625
428.0 0.17236328125
430.0 0.17236328125
432.0 0.17236328125
434.0 0.17236328125
436.0 0.17236328125
438.0 0.17236328125
440.0 0.1728515625
442.0 0.17236328125
444.0 0.17236328125
446.0 0.1728515625
449.0 0.1728515625
451.0 0.17236328125
453.0 0.1728515625
455.0 0.17236328125
457.0 0.17236328125
459.0 0.17236328125
461.0 0.1728515625
463.0 0.1728515625
465.0 0.17236328125
467.0 0.17236328125
469.0 0.17236328125
471.0 0.17236328125
473.0 0.17236328125
475.0 0.17236328125
477.0 0.17236328125
479.0 0.17236328125
482.0 0.17236328125
484.0 0.17236328125
486.0 0.17236328125
488.0 0.17236328125
490.0 0.1728515625
492.0 0.17236328125
494.0 0.17236328125
496.0 0.1728515625
498.0 0.1728515625
500.0 0.17236328125
502.0 0.17236328125
504.0 0.17236328125
506.0 0.17236328125
508.0 0.17236328125
510.0 0.17236328125
512.0 0.17236328125
515.0 0.17236328125
517.0 0.17236328125
519.0 0.17236328125
521.0 0.17236328125
523.0 0.17236328125
525.0 0.17236328125
527.0 0.17236328125
529.0 0.17236328125
531.0 0.17236328125
533.0 0.17236328125
535.0 0.17236328125
537.0 0.17236328125
539.0 0.17236328125
542.0 0.17236328125
544.0 0.17236328125
546.0 0.17236328125
548.0 0.17236328125
550.0 0.17236328125
552.0 0.17236328125
554.0 0.17236328125
556.0 0.171875
558.0 0.17236328125
560.0 0.17236328125
562.0 0.17236328125
564.0 0.17236328125
566.0 0.171875
568.0 0.171875
570.0 0.17236328125
572.0 0.17236328125
574.0 0.17236328125
576.0 0.17236328125
578.0 0.17236328125
580.0 0.171875
583.0 0.171875
585.0 0.171875
587.0 0.17236328125
589.0 0.171875
591.0 0.171875
593.0 0.17236328125
595.0 0.17236328125
597.0 0.17236328125
599.0 0.171875
601.0 0.171875
603.0 0.171875
605.0 0.171875
607.0 0.171875
609.0 0.17236328125
611.0 0.171875
613.0 0.171875
615.0 0.17236328125
617.0 0.17236328125
619.0 0.171875
621.0 0.171875
624.0 0.17236328125
625.0 0.17236328125
628.0 0.171875
630.0 0.17236328125
632.0 0.17236328125
634.0 0.171875
636.0 0.171875
638.0 0.171875
640.0 0.171875
642.0 0.171875
644.0 0.171875
646.0 0.171875
648.0 0.171875
650.0 0.17236328125
652.0 0.17236328125
654.0 0.171875
656.0 0.171875
659.0 0.171875
661.0 0.171875
663.0 0.171875
665.0 0.17236328125
667.0 0.171875
669.0 0.171875
671.0 0.171875
673.0 0.171875
675.0 0.171875
677.0 0.171875
679.0 0.171875
681.0 0.17138671875
683.0 0.171875
685.0 0.171875
687.0 0.171875
689.0 0.17236328125
692.0 0.17236328125
694.0 0.171875
696.0 0.17236328125
698.0 0.171875
700.0 0.171875
702.0 0.171875
704.0 0.171875
706.0 0.171875
708.0 0.171875
710.0 0.171875
712.0 0.171875
714.0 0.171875
716.0 0.171875
718.0 0.171875
721.0 0.171875
723.0 0.171875
725.0 0.171875
727.0 0.171875
729.0 0.171875
731.0 0.171875
733.0 0.17236328125
735.0 0.171875
737.0 0.171875
739.0 0.171875
741.0 0.171875
744.0 0.171875
746.0 0.171875
748.0 0.171875
750.0 0.17236328125
