name: oXylene
heating ramp rate: 0.5
VOC concentration: 0.052
0.0 0.2236328125
2.0 0.2236328125
4.0 0.2236328125
6.0 0.2236328125
8.0 0.22412109375
10.0 0.224609375
12.0 0.224609375
14.0 0.22509765625
16.0 0.22607421875
18.0 0.22705078125
20.0 0.22802734375
22.0 0.2294921875
24.0 0.23046875
26.0 0.23193359375
28.0 0.23388671875
31.0 0.23583984375
33.0 0.23779296875
35.0 0.23974609375
37.0 0.24267578125
39.0 0.2451171875
41.0 0.24853515625
43.0 0.25146484375
45.0 0.25439453125
47.0 0.25830078125
49.0 0.26220703125
51.0 0.26611328125
53.0 0.2705078125
55.0 0.2744140625
57.0 0.27880859375
59.0 0.28369140625
62.0 0.28857421875
64.0 0.29296875
66.0 0.29833984375
68.0 0.3037109375
70.0 0.30908203125
72.0 0.31396484375
74.0 0.31982421875
76.0 0.32568359375
78.0 0.33203125
80.0 0.33740234375
82.0 0.34326171875
84.0 0.34912109375
86.0 0.35498046875
88.0 0.35986328125
91.0 0.36572265625
93.0 0.37060546875
95.0 0.37548828125
97.0 0.38037109375
99.0 0.38427734375
101.0 0.38818359375
103.0 0.3916015625
105.0 0.39453125
107.0 0.396484375
109.0 0.39892578125
111.0 0.39990234375
113.0 0.40087890625
115.0 0.40087890625
117.0 0.39990234375
119.0 0.3984375
122.0 0.396484375
123.0 0.39404296875
126.0 0.3916015625
128.0 0.3876953125
130.0 0.3828125
132.0 0.3779296875
134.0 0.3720703125
136.0 0.36572265625
138.0 0.35888671875
140.0 0.35205078125
142.0 0.3447265625
144.0 0.33740234375
146.0 0.3310546875
148.0 0.32421875
151.0 0.3173828125
153.0 0.31201171875
155.0 0.30615234375
157.0 0.30126953125
159.0 0.296875
161.0 0.29296875
163.0 0.2900390625
165.0 0.287109375
167.0 0.28466796875
169.0 0.2822265625
171.0 0.2802734375
173.0 0.27880859375
176.0 0.27685546875
178.0 0.27587890625
180.0 0.2744140625
182.0 0.27294921875
184.0 0.27197265625
186.0 0.271484375
188.0 0.2705078125
190.0 0.26953125
192.0 0.26904296875
194.0 0.2685546875
196.0 0.267578125
198.0 0.267578125
200.0 0.26708984375
202.0 0.2666015625
204.0 0.26611328125
206.0 0.265625
209.0 0.265625
211.0 0.26513671875
213.0 0.26513671875
215.0 0.2646484375
217.0 0.2646484375
219.0 0.26416015625
221.0 0.26416015625
223.0 0.263671875
225.0 0.263671875
227.0 0.26318359375
229.0 0.26318359375
231.0 0.26318359375
233.0 0.2626953125
235.0 0.26318359375
237.0 0.2626953125
239.0 0.2626953125
241.0 0.2626953125
244.0 0.2626953125
246.0 0.26220703125
248.0 0.26220703125
250.0 0.26220703125
252.0 0.26220703125
254.0 0.26171875
256.0 0.26171875
258.0 0.26171875
260.0 0.26123046875
262.0 0.2607421875
264.0 0.2607421875
266.0 0.26123046875
268.0 0.2607421875
270.0 0.2607421875
272.0 0.2607421875
275.0 0.259765625
277.0 0.259765625
279.0 0.259765625
281.0 0.259765625
283.0 0.259765625
285.0 0.259765625
287.0 0.25927734375
289.0 0.25927734375
291.0 0.25927734375
293.0 0.2587890625
295.0 0.2587890625
297.0 0.25830078125
299.0 0.2587890625
302.0 0.25830078125
304.0 0.25830078125
306.0 0.2578125
308.0 0.2578125
310.0 0.25830078125
312.0 0.25732421875
314.0 0.25732421875
316.0 0.25732421875
318.0 0.25732421875
320.0 0.25732421875
322.0 0.25732421875
324.0 0.25732421875
326.0 0.2568359375
328.0 0.2568359375
330.0 0.25634765625
333.0 0.25634765625
335.0 0.255859375
337.0 0.255859375
339.0 0.255859375
341.0 0.255859375
343.0 0.255859375
345.0 0.255859375
347.0 0.25537109375
349.0 0.25537109375
351.0 0.2548828125
353.0 0.25537109375
355.0 0.2548828125
357.0 0.2548828125
359.0 0.2548828125
362.0 0.2548828125
363.0 0.25439453125
366.0 0.25439453125
368.0 0.25390625
370.0 0.25390625
372.0 0.25390625
374.0 0.25341796875
376.0 0.25341796875
378.0 0.25341796875
380.0 0.25341796875
382.0 0.2529296875
384.0 0.25244140625
386.0 0.2529296875
388.0 0.2529296875
390.0 0.25244140625
392.0 0.25244140625
394.0 0.25244140625
396.0 0.25244140625
398.0 0.25244140625
400.0 0.25244140625
402.0 0.25244140625
404.0 0.25244140625
407.0 0.25244140625
409.0 0.251953125
411.0 0.25244140625
413.0 0.25244140625
415.0 0.25244140625
417.0 0.25244140625
419.0 0.251953125
421.0 0.25244140625
423.0 0.25244140625
425.0 0.2529296875
427.0 0.2529296875
429.0 0.25244140625
431.0 0.2529296875
433.0 0.2529296875
436.0 0.2529296875
438.0 0.2529296875
440.0 0.25244140625
442.0 0.2529296875
444.0 0.25244140625
446.0 0.2529296875
448.0 0.2529296875
450.0 0.2529296875
452.0 0.2529296875
454.0 0.2529296875
456.0 0.2529296875
458.0 0.2529296875
460.0 0.2529296875
462.0 0.25244140625
464.0 0.2529296875
466.0 0.25341796875
468.0 0.2529296875
471.0 0.25244140625
473.0 0.25244140625
475.0 0.25244140625
477.0 0.25244140625
479.0 0.25244140625
481.0 0.25244140625
483.0 0.251953125
485.0 0.25244140625
487.0 0.25244140625
489.0 0.251953125
491.0 0.251953125
493.0 0.25244140625
495.0 0.251953125
497.0 0.25146484375
500.0 0.25146484375
502.0 0.251953125
504.0 0.251953125
506.0 0.251953125
508.0 0.251953125
510.0 0.251953125
512.0 0.25146484375
514.0 0.25146484375
516.0 0.25146484375
518.0 0.251953125
520.0 0.25146484375
522.0 0.251953125
524.0 0.25146484375
526.0 0.25146484375
529.0 0.25146484375
531.0 0.25146484375
533.0 0.25146484375
535.0 0.25146484375
537.0 0.2509765625
539.0 0.2509765625
541.0 0.25146484375
543.0 0.25146484375
545.0 0.2509765625
547.0 0.25146484375
549.0 0.2509765625
551.0 0.25048828125
553.0 0.2509765625
555.0 0.2509765625
558.0 0.25048828125
560.0 0.2509765625
562.0 0.25048828125
564.0 0.2509765625
566.0 0.25048828125
568.0 0.2509765625
570.0 0.2509765625
572.0 0.25
574.0 0.25048828125
576.0 0.2509765625
578.0 0.25048828125
580.0 0.25048828125
582.0 0.25048828125
585.0 0.25048828125
587.0 0.25
589.0 0.25
591.0 0.25048828125
593.0 0.25048828125
595.0 0.25048828125
597.0 0.25048828125
599.0 0.25
601.0 0.25
603.0 0.25
605.0 0.24951171875
608.0 0.25
610.0 0.25
612.0 0.24951171875
614.0 0.25
616.0 0.24951171875
618.0 0.24951171875
620.0 0.24951171875
622.0 0.24951171875
624.0 0.24951171875
626.0 0.24951171875
628.0 0.2490234375
630.0 0.24951171875
632.0 0.24951171875
634.0 0.2490234375
637.0 0.2490234375
639.0 0.24853515625
641.0 0.24853515625
643.0 0.2490234375
645.0 0.2490234375
647.0 0.24853515625
649.0 0.2490234375
651.0 0.24853515625
653.0 0.24853515625
655.0 0.24853515625
657.0 0.24853515625
659.0 0.248046875
661.0 0.248046875
663.0 0.248046875
665.0 0.24853515625
667.0 0.248046875
670.0 0.248046875
672.0 0.248046875
674.0 0.24755859375
676.0 0.24755859375
678.0 0.24755859375
680.0 0.24755859375
682.0 0.24755859375
684.0 0.2470703125
686.0 0.2470703125
688.0 0.24755859375
690.0 0.2470703125
692.0 0.2470703125
695.0 0.2470703125
697.0 0.2470703125
699.0 0.2470703125
701.0 0.2470703125
703.0 0.24755859375
705.0 0.2470703125
707.0 0.2470703125
709.0 0.2470703125
711.0 0.2470703125
713.0 0.24755859375
715.0 0.2470703125
717.0 0.2470703125
719.0 0.2470703125
721.0 0.2470703125
724.0 0.2470703125
726.0 0.2470703125
728.0 0.2470703125
730.0 0.2470703125
732.0 0.2470703125
734.0 0.2470703125
736.0 0.2470703125
738.0 0.2470703125
740.0 0.24658203125
742.0 0.24658203125
744.0 0.24658203125
746.0 0.24658203125
748.0 0.24658203125
750.0 0.24609375
