name: oXylene
heating ramp rate: 0.5
VOC concentration: 1.0
0.0 0.61376953125
2.0 0.61572265625
4.0 0.61767578125
6.0 0.61962890625
8.0 0.6220703125
10.0 0.62646484375
12.0 0.6318359375
14.0 0.638671875
16.0 0.64697265625
18.0 0.65625
20.0 0.6650390625
23.0 0.673828125
25.0 0.68359375
27.0 0.69384765625
29.0 0.705078125
31.0 0.71923828125
33.0 0.73388671875
35.0 0.75
37.0 0.76708984375
39.0 0.78466796875
41.0 0.8017578125
43.0 0.8173828125
45.0 0.83349609375
47.0 0.85107421875
49.0 0.869140625
51.0 0.888671875
53.0 0.90771484375
55.0 0.927734375
58.0 0.9478759765625
60.0 0.9674072265625
62.0 0.9893798828125
64.0 1.0125732421875
66.0 1.0382080078125
68.0 1.0638427734375
70.0 1.0894775390625
72.0 1.11328125
74.0 1.13525390625
76.0 1.15625
78.0 1.17578125
80.0 1.1953125
83.0 1.2138671875
85.0 1.2333984375
87.0 1.25390625
89.0 1.2734375
91.0 1.2939453125
93.0 1.3134765625
95.0 1.3310546875
97.0 1.3427734375
99.0 1.3525390625
101.0 1.3583984375
103.0 1.3623046875
105.0 1.3642578125
107.0 1.3662109375
109.0 1.365234375
111.0 1.3623046875
113.0 1.3564453125
115.0 1.34765625
118.0 1.333984375
120.0 1.3203125
122.0 1.3037109375
124.0 1.287109375
126.0 1.267578125
128.0 1.24609375
130.0 1.2236328125
132.0 1.2021484375
134.0 1.177734375
136.0 1.1533203125
138.0 1.1260986328125
140.0 1.099853515625
142.0 1.0736083984375
144.0 1.048583984375
146.0 1.0260009765625
149.0 1.002197265625
151.0 0.980224609375
153.0 0.960693359375
155.0 0.9405517578125
157.0 0.921630859375
159.0 0.90576171875
161.0 0.892578125
163.0 0.8837890625
165.0 0.8759765625
167.0 0.86865234375
169.0 0.86083984375
171.0 0.85205078125
173.0 0.84423828125
176.0 0.837890625
178.0 0.833984375
180.0 0.83056640625
182.0 0.82763671875
184.0 0.82568359375
186.0 0.82568359375
188.0 0.82568359375
190.0 0.8251953125
192.0 0.82373046875
194.0 0.822265625
196.0 0.81884765625
198.0 0.814453125
201.0 0.80859375
203.0 0.80322265625
205.0 0.79931640625
207.0 0.79833984375
209.0 0.79931640625
211.0 0.80078125
213.0 0.8017578125
215.0 0.80078125
217.0 0.79931640625
219.0 0.7958984375
221.0 0.7919921875
223.0 0.78857421875
226.0 0.78515625
228.0 0.78271484375
230.0 0.78173828125
232.0 0.78271484375
234.0 0.78369140625
236.0 0.78662109375
238.0 0.7890625
240.0 0.79150390625
242.0 0.79296875
244.0 0.79296875
246.0 0.79248046875
248.0 0.79150390625
250.0 0.78955078125
252.0 0.787109375
254.0 0.78466796875
256.0 0.78173828125
259.0 0.7783203125
261.0 0.77490234375
263.0 0.77197265625
265.0 0.77099609375
267.0 0.77099609375
269.0 0.77001953125
271.0 0.7685546875
273.0 0.7666015625
275.0 0.763671875
277.0 0.76025390625
279.0 0.7578125
282.0 0.75537109375
284.0 0.75341796875
286.0 0.751953125
288.0 0.75341796875
290.0 0.755859375
292.0 0.75927734375
294.0 0.76171875
296.0 0.76318359375
298.0 0.7626953125
300.0 0.76171875
302.0 0.75927734375
305.0 0.7568359375
307.0 0.75537109375
309.0 0.755859375
311.0 0.75830078125
313.0 0.76025390625
315.0 0.7626953125
317.0 0.763671875
319.0 0.7646484375
321.0 0.76513671875
323.0 0.76416015625
325.0 0.76220703125
327.0 0.75927734375
329.0 0.755859375
331.0 0.75390625
333.0 0.75146484375
336.0 0.75048828125
338.0 0.74951171875
340.0 0.74853515625
342.0 0.748046875
344.0 0.7490234375
346.0 0.75048828125
348.0 0.75244140625
350.0 0.75244140625
352.0 0.75146484375
354.0 0.7490234375
356.0 0.74609375
358.0 0.74560546875
360.0 0.74560546875
362.0 0.7470703125
365.0 0.74853515625
367.0 0.74755859375
369.0 0.74658203125
371.0 0.74462890625
373.0 0.74365234375
375.0 0.74267578125
377.0 0.74267578125
379.0 0.74267578125
381.0 0.74365234375
383.0 0.74462890625
385.0 0.74462890625
387.0 0.74365234375
389.0 0.74169921875
392.0 0.73876953125
394.0 0.73486328125
396.0 0.73193359375
398.0 0.72998046875
400.0 0.72900390625
402.0 0.72705078125
404.0 0.72607421875
406.0 0.724609375
408.0 0.7236328125
410.0 0.7236328125
412.0 0.72412109375
414.0 0.72607421875
416.0 0.72900390625
418.0 0.732421875
420.0 0.7353515625
422.0 0.736328125
424.0 0.7373046875
427.0 0.73681640625
429.0 0.73583984375
431.0 0.7353515625
433.0 0.7353515625
435.0 0.7353515625
437.0 0.73388671875
439.0 0.732421875
441.0 0.73095703125
443.0 0.7314453125
445.0 0.732421875
447.0 0.73388671875
449.0 0.734375
451.0 0.7333984375
454.0 0.73095703125
456.0 0.7294921875
458.0 0.72802734375
460.0 0.72607421875
462.0 0.72412109375
464.0 0.7216796875
466.0 0.72021484375
468.0 0.72119140625
470.0 0.72265625
472.0 0.72265625
474.0 0.72265625
476.0 0.7216796875
478.0 0.7197265625
480.0 0.71826171875
483.0 0.716796875
485.0 0.716796875
487.0 0.71875
489.0 0.720703125
491.0 0.7236328125
493.0 0.7255859375
495.0 0.72607421875
497.0 0.7255859375
499.0 0.724609375
501.0 0.72412109375
503.0 0.7236328125
505.0 0.724609375
507.0 0.7255859375
509.0 0.72705078125
511.0 0.72705078125
513.0 0.7275390625
516.0 0.72802734375
518.0 0.728515625
520.0 0.72802734375
522.0 0.7275390625
524.0 0.72607421875
526.0 0.7255859375
528.0 0.7265625
530.0 0.7275390625
532.0 0.72802734375
534.0 0.728515625
536.0 0.72900390625
538.0 0.72998046875
540.0 0.7314453125
542.0 0.73291015625
545.0 0.73291015625
547.0 0.7314453125
549.0 0.7294921875
551.0 0.7265625
553.0 0.7236328125
555.0 0.72021484375
557.0 0.716796875
559.0 0.71484375
561.0 0.71337890625
563.0 0.7119140625
565.0 0.71044921875
567.0 0.70849609375
569.0 0.70654296875
572.0 0.7041015625
574.0 0.7021484375
575.0 0.7001953125
578.0 0.6982421875
580.0 0.69921875
582.0 0.70166015625
584.0 0.705078125
586.0 0.70703125
588.0 0.7080078125
590.0 0.7099609375
592.0 0.71337890625
594.0 0.7158203125
596.0 0.716796875
598.0 0.716796875
600.0 0.716796875
602.0 0.71630859375
605.0 0.71484375
607.0 0.712890625
609.0 0.712890625
611.0 0.71337890625
613.0 0.7138671875
615.0 0.71630859375
617.0 0.71923828125
619.0 0.7216796875
621.0 0.7236328125
623.0 0.7236328125
625.0 0.72314453125
627.0 0.72314453125
629.0 0.72216796875
631.0 0.7216796875
633.0 0.72021484375
635.0 0.7177734375
637.0 0.7138671875
640.0 0.70947265625
642.0 0.705078125
644.0 0.7021484375
646.0 0.70068359375
648.0 0.701171875
650.0 0.70166015625
652.0 0.7021484375
654.0 0.70166015625
656.0 0.70068359375
658.0 0.7001953125
661.0 0.7001953125
663.0 0.7001953125
665.0 0.69921875
667.0 0.69970703125
669.0 0.701171875
671.0 0.70458984375
673.0 0.70751953125
675.0 0.7099609375
677.0 0.712890625
679.0 0.71484375
681.0 0.71533203125
683.0 0.71484375
685.0 0.71337890625
687.0 0.7119140625
690.0 0.7109375
692.0 0.71044921875
694.0 0.7109375
696.0 0.7109375
698.0 0.7119140625
700.0 0.7119140625
702.0 0.71337890625
704.0 0.71484375
706.0 0.7158203125
708.0 0.7177734375
710.0 0.71826171875
712.0 0.7177734375
714.0 0.71728515625
716.0 0.71630859375
718.0 0.71484375
720.0 0.71240234375
723.0 0.7099609375
725.0 0.70751953125
727.0 0.7060546875
729.0 0.70556640625
731.0 0.705078125
733.0 0.70458984375
735.0 0.70556640625
737.0 0.70751953125
739.0 0.70849609375
741.0 0.70947265625
743.0 0.70947265625
745.0 0.7099609375
747.0 0.71044921875
749.0 0.7099609375
751.0 0.708984375
