name: oXylene
heating ramp rate: 0.5
VOC concentration: 0.05
0.0 0.14990234375
2.0 0.14990234375
4.0 0.14990234375
6.0 0.1494140625
8.0 0.1494140625
10.0 0.14990234375
12.0 0.1494140625
14.0 0.1494140625
17.0 0.14990234375
19.0 0.14990234375
21.0 0.14990234375
23.0 0.14990234375
25.0 0.14990234375
27.0 0.14990234375
29.0 0.14990234375
31.0 0.14990234375
33.0 0.14990234375
35.0 0.14990234375
37.0 0.14990234375
39.0 0.14990234375
41.0 0.14990234375
43.0 0.14990234375
45.0 0.14990234375
47.0 0.14990234375
50.0 0.14990234375
52.0 0.14990234375
54.0 0.1494140625
56.0 0.14990234375
58.0 0.14990234375
60.0 0.14990234375
62.0 0.14990234375
64.0 0.14990234375
66.0 0.14990234375
68.0 0.14990234375
70.0 0.14990234375
72.0 0.14990234375
74.0 0.14990234375
76.0 0.14990234375
79.0 0.14990234375
81.0 0.14990234375
83.0 0.1494140625
85.0 0.14990234375
87.0 0.1494140625
89.0 0.14990234375
91.0 0.14990234375
93.0 0.14990234375
95.0 0.1494140625
97.0 0.14990234375
99.0 0.14990234375
101.0 0.14990234375
103.0 0.14990234375
106.0 0.14990234375
108.0 0.14990234375
110.0 0.14990234375
112.0 0.14990234375
114.0 0.14990234375
116.0 0.14990234375
118.0 0.14990234375
120.0 0.14990234375
122.0 0.14990234375
124.0 0.14990234375
126.0 0.14990234375
128.0 0.14990234375
130.0 0.14990234375
132.0 0.14990234375
135.0 0.14990234375
137.0 0.14990234375
139.0 0.14990234375
141.0 0.14990234375
143.0 0.150390625
145.0 0.14990234375
147.0 0.14990234375
149.0 0.14990234375
151.0 0.14990234375
153.0 0.14990234375
155.0 0.14990234375
157.0 0.14990234375
159.0 0.150390625
162.0 0.14990234375
164.0 0.150390625
166.0 0.150390625
168.0 0.150390625
170.0 0.150390625
172.0 0.14990234375
174.0 0.14990234375
176.0 0.150390625
178.0 0.150390625
180.0 0.14990234375
182.0 0.150390625
184.0 0.150390625
187.0 0.150390625
189.0 0.150390625
191.0 0.150390625
193.0 0.150390625
195.0 0.150390625
197.0 0.150390625
199.0 0.150390625
201.0 0.150390625
203.0 0.150390625
205.0 0.14990234375
207.0 0.150390625
209.0 0.150390625
211.0 0.150390625
213.0 0.150390625
216.0 0.150390625
218.0 0.150390625
220.0 0.150390625
222.0 0.150390625
224.0 0.150390625
226.0 0.150390625
228.0 0.15087890625
230.0 0.150390625
232.0 0.150390625
234.0 0.150390625
236.0 0.150390625
238.0 0.150390625
240.0 0.150390625
242.0 0.150390625
245.0 0.15087890625
247.0 0.150390625
249.0 0.15087890625
251.0 0.15087890625
253.0 0.15087890625
255.0 0.15087890625
257.0 0.15087890625
259.0 0.15087890625
261.0 0.150390625
263.0 0.15087890625
265.0 0.150390625
267.0 0.150390625
269.0 0.15087890625
271.0 0.15087890625
274.0 0.15087890625
276.0 0.15087890625
278.0 0.15087890625
280.0 0.15087890625
282.0 0.15087890625
284.0 0.150390625
286.0 0.15087890625
288.0 0.15087890625
290.0 0.15087890625
292.0 0.15087890625
294.0 0.15087890625
296.0 0.15087890625
298.0 0.15087890625
300.0 0.15087890625
303.0 0.15087890625
305.0 0.15087890625
307.0 0.15087890625
309.0 0.15087890625
311.0 0.15087890625
313.0 0.15087890625
315.0 0.15087890625
317.0 0.15087890625
319.0 0.15087890625
321.0 0.1513671875
323.0 0.15087890625
325.0 0.1513671875
327.0 0.15087890625
329.0 0.15087890625
331.0 0.15087890625
334.0 0.15087890625
336.0 0.15087890625
338.0 0.15087890625
340.0 0.1513671875
342.0 0.15087890625
344.0 0.15087890625
346.0 0.15087890625
348.0 0.15087890625
350.0 0.15087890625
352.0 0.1513671875
354.0 0.1513671875
356.0 0.1513671875
358.0 0.1513671875
360.0 0.15087890625
362.0 0.15087890625
365.0 0.15087890625
367.0 0.1513671875
369.0 0.15087890625
371.0 0.15087890625
373.0 0.1513671875
375.0 0.15087890625
377.0 0.1513671875
379.0 0.1513671875
381.0 0.1513671875
383.0 0.15087890625
385.0 0.1513671875
387.0 0.1513671875
389.0 0.1513671875
391.0 0.1513671875
393.0 0.1513671875
395.0 0.1513671875
397.0 0.1513671875
400.0 0.15087890625
402.0 0.1513671875
404.0 0.15087890625
406.0 0.1513671875
408.0 0.1513671875
410.0 0.1513671875
412.0 0.1513671875
414.0 0.1513671875
416.0 0.1513671875
418.0 0.1513671875
421.0 0.1513671875
423.0 0.1513671875
425.0 0.1513671875
427.0 0.1513671875
429.0 0.1513671875
431.0 0.1513671875
433.0 0.1513671875
435.0 0.1513671875
437.0 0.1513671875
439.0 0.15185546875
441.0 0.1513671875
443.0 0.1513671875
445.0 0.1513671875
447.0 0.1513671875
449.0 0.1513671875
451.0 0.1513671875
454.0 0.1513671875
456.0 0.1513671875
458.0 0.1513671875
460.0 0.1513671875
462.0 0.15185546875
464.0 0.1513671875
466.0 0.15185546875
468.0 0.15185546875
470.0 0.1513671875
472.0 0.1513671875
474.0 0.1513671875
476.0 0.1513671875
478.0 0.1513671875
481.0 0.1513671875
483.0 0.1513671875
485.0 0.1513671875
487.0 0.1513671875
489.0 0.1513671875
491.0 0.1513671875
493.0 0.1513671875
495.0 0.1513671875
497.0 0.15185546875
499.0 0.1513671875
501.0 0.1513671875
503.0 0.1513671875
505.0 0.15185546875
508.0 0.1513671875
510.0 0.1513671875
512.0 0.1513671875
514.0 0.1513671875
516.0 0.1513671875
518.0 0.1513671875
520.0 0.1513671875
522.0 0.1513671875
524.0 0.1513671875
526.0 0.1513671875
528.0 0.15185546875
530.0 0.1513671875
533.0 0.1513671875
534.0 0.1513671875
537.0 0.15185546875
539.0 0.1513671875
541.0 0.15185546875
543.0 0.1513671875
545.0 0.1513671875
547.0 0.15185546875
549.0 0.15185546875
551.0 0.15185546875
553.0 0.1513671875
555.0 0.15185546875
557.0 0.1513671875
559.0 0.15185546875
561.0 0.1513671875
563.0 0.15185546875
565.0 0.15185546875
568.0 0.1513671875
570.0 0.15185546875
572.0 0.15185546875
574.0 0.1513671875
576.0 0.15185546875
578.0 0.15185546875
580.0 0.15185546875
582.0 0.15185546875
584.0 0.15185546875
586.0 0.1513671875
588.0 0.15234375
590.0 0.15185546875
592.0 0.15185546875
594.0 0.15185546875
596.0 0.15185546875
599.0 0.15185546875
601.0 0.15185546875
603.0 0.15185546875
605.0 0.15185546875
607.0 0.15185546875
609.0 0.1513671875
611.0 0.15185546875
613.0 0.15185546875
615.0 0.15185546875
617.0 0.15185546875
619.0 0.15185546875
622.0 0.15185546875
624.0 0.15185546875
626.0 0.15185546875
628.0 0.15185546875
630.0 0.15185546875
632.0 0.15185546875
634.0 0.15185546875
636.0 0.15185546875
638.0 0.15185546875
640.0 0.15185546875
642.0 0.15185546875
644.0 0.15185546875
646.0 0.15185546875
648.0 0.15185546875
650.0 0.15185546875
652.0 0.15185546875
654.0 0.15185546875
656.0 0.15185546875
659.0 0.15185546875
661.0 0.15185546875
663.0 0.1513671875
665.0 0.15185546875
667.0 0.15185546875
669.0 0.15185546875
671.0 0.15185546875
673.0 0.15185546875
675.0 0.1513671875
677.0 0.15185546875
679.0 0.15185546875
681.0 0.15185546875
683.0 0.15185546875
685.0 0.15185546875
687.0 0.15185546875
689.0 0.15185546875
691.0 0.15185546875
693.0 0.15185546875
696.0 0.15185546875
698.0 0.15185546875
700.0 0.15185546875
702.0 0.15185546875
704.0 0.15185546875
706.0 0.15185546875
708.0 0.15185546875
710.0 0.15185546875
712.0 0.15185546875
714.0 0.15185546875
716.0 0.15185546875
718.0 0.15185546875
720.0 0.15185546875
722.0 0.15185546875
725.0 0.15185546875
727.0 0.15234375
729.0 0.15185546875
731.0 0.15185546875
733.0 0.15185546875
735.0 0.15185546875
737.0 0.15185546875
739.0 0.15185546875
741.0 0.15185546875
743.0 0.15185546875
745.0 0.15185546875
747.0 0.15185546875
749.0 0.15234375
751.0 0.15185546875
