name: Toluene
heating ramp rate: 0.5
VOC concentration: 0.25
0.0 0.15625
2.0 0.15625
4.0 0.15625
6.0 0.15576171875
8.0 0.15625
10.0 0.15625
12.0 0.15625
14.0 0.15625
16.0 0.15625
18.0 0.15625
20.0 0.15673828125
22.0 0.15673828125
25.0 0.15673828125
27.0 0.15673828125
29.0 0.15673828125
31.0 0.1572265625
33.0 0.1572265625
35.0 0.1572265625
37.0 0.1572265625
39.0 0.15771484375
41.0 0.15771484375
43.0 0.158203125
45.0 0.158203125
47.0 0.158203125
49.0 0.15869140625
51.0 0.15869140625
54.0 0.15869140625
56.0 0.1591796875
58.0 0.1591796875
60.0 0.15966796875
62.0 0.15966796875
64.0 0.15966796875
66.0 0.15966796875
68.0 0.16015625
70.0 0.16015625
72.0 0.16015625
74.0 0.16064453125
76.0 0.16064453125
78.0 0.16064453125
80.0 0.16064453125
82.0 0.16064453125
85.0 0.16064453125
87.0 0.16015625
89.0 0.16064453125
91.0 0.16064453125
93.0 0.16064453125
95.0 0.16064453125
97.0 0.16015625
99.0 0.16015625
101.0 0.16015625
103.0 0.15966796875
105.0 0.15966796875
107.0 0.15966796875
109.0 0.15966796875
112.0 0.1591796875
114.0 0.15966796875
116.0 0.1591796875
118.0 0.1591796875
120.0 0.1591796875
122.0 0.1591796875
124.0 0.1591796875
126.0 0.15869140625
128.0 0.1591796875
130.0 0.15869140625
132.0 0.15869140625
134.0 0.15869140625
136.0 0.15869140625
138.0 0.15869140625
140.0 0.15869140625
143.0 0.15869140625
145.0 0.158203125
147.0 0.15869140625
149.0 0.15869140625
151.0 0.158203125
153.0 0.158203125
155.0 0.158203125
157.0 0.158203125
159.0 0.158203125
161.0 0.158203125
163.0 0.158203125
165.0 0.15869140625
167.0 0.158203125
169.0 0.158203125
171.0 0.158203125
173.0 0.158203125
176.0 0.158203125
178.0 0.15869140625
180.0 0.158203125
182.0 0.158203125
184.0 0.158203125
186.0 0.158203125
188.0 0.158203125
190.0 0.158203125
192.0 0.158203125
194.0 0.158203125
196.0 0.158203125
198.0 0.15869140625
200.0 0.158203125
202.0 0.15869140625
205.0 0.15869140625
207.0 0.15869140625
209.0 0.15869140625
211.0 0.15869140625
213.0 0.158203125
215.0 0.158203125
217.0 0.15869140625
219.0 0.15869140625
221.0 0.15869140625
223.0 0.15869140625
225.0 0.15869140625
227.0 0.15869140625
229.0 0.15869140625
231.0 0.15869140625
233.0 0.15869140625
235.0 0.15869140625
238.0 0.15869140625
240.0 0.15869140625
242.0 0.15869140625
244.0 0.15869140625
246.0 0.15869140625
248.0 0.15869140625
250.0 0.15869140625
252.0 0.15869140625
254.0 0.15869140625
256.0 0.1591796875
258.0 0.15869140625
260.0 0.15869140625
262.0 0.15869140625
264.0 0.15869140625
266.0 0.15869140625
268.0 0.15869140625
270.0 0.1591796875
273.0 0.1591796875
275.0 0.15869140625
277.0 0.15869140625
279.0 0.15869140625
281.0 0.1591796875
283.0 0.15869140625
285.0 0.1591796875
287.0 0.15869140625
289.0 0.15869140625
291.0 0.15869140625
293.0 0.1591796875
295.0 0.1591796875
297.0 0.1591796875
299.0 0.15869140625
301.0 0.1591796875
303.0 0.15869140625
305.0 0.1591796875
307.0 0.15869140625
310.0 0.1591796875
312.0 0.15869140625
314.0 0.1591796875
316.0 0.1591796875
318.0 0.1591796875
320.0 0.15869140625
322.0 0.1591796875
324.0 0.15869140625
326.0 0.15869140625
328.0 0.1591796875
330.0 0.1591796875
332.0 0.1591796875
334.0 0.1591796875
336.0 0.1591796875
338.0 0.1591796875
340.0 0.1591796875
342.0 0.1591796875
344.0 0.1591796875
346.0 0.1591796875
349.0 0.1591796875
351.0 0.1591796875
353.0 0.1591796875
355.0 0.1591796875
357.0 0.1591796875
359.0 0.1591796875
361.0 0.1591796875
363.0 0.1591796875
365.0 0.1591796875
367.0 0.1591796875
369.0 0.1591796875
371.0 0.1591796875
374.0 0.15869140625
376.0 0.1591796875
378.0 0.15869140625
380.0 0.1591796875
382.0 0.1591796875
384.0 0.15869140625
386.0 0.1591796875
388.0 0.1591796875
390.0 0.1591796875
392.0 0.1591796875
395.0 0.1591796875
397.0 0.15966796875
399.0 0.1591796875
401.0 0.1591796875
403.0 0.1591796875
405.0 0.1591796875
407.0 0.1591796875
409.0 0.1591796875
411.0 0.1591796875
413.0 0.1591796875
415.0 0.1591796875
417.0 0.1591796875
419.0 0.1591796875
422.0 0.1591796875
424.0 0.1591796875
426.0 0.1591796875
428.0 0.1591796875
430.0 0.1591796875
432.0 0.1591796875
434.0 0.1591796875
436.0 0.1591796875
438.0 0.15869140625
440.0 0.1591796875
442.0 0.1591796875
444.0 0.1591796875
446.0 0.1591796875
448.0 0.1591796875
450.0 0.1591796875
452.0 0.1591796875
454.0 0.1591796875
456.0 0.1591796875
458.0 0.1591796875
461.0 0.1591796875
463.0 0.1591796875
465.0 0.1591796875
467.0 0.1591796875
469.0 0.1591796875
471.0 0.15966796875
473.0 0.15966796875
475.0 0.1591796875
477.0 0.1591796875
479.0 0.1591796875
481.0 0.1591796875
483.0 0.1591796875
485.0 0.1591796875
487.0 0.1591796875
489.0 0.1591796875
491.0 0.1591796875
493.0 0.1591796875
496.0 0.1591796875
498.0 0.1591796875
500.0 0.1591796875
502.0 0.1591796875
504.0 0.1591796875
506.0 0.1591796875
508.0 0.15966796875
510.0 0.1591796875
512.0 0.1591796875
514.0 0.1591796875
516.0 0.15966796875
518.0 0.1591796875
521.0 0.1591796875
523.0 0.1591796875
525.0 0.1591796875
527.0 0.1591796875
529.0 0.15966796875
531.0 0.1591796875
533.0 0.1591796875
535.0 0.15966796875
537.0 0.1591796875
539.0 0.1591796875
541.0 0.15966796875
543.0 0.1591796875
545.0 0.1591796875
547.0 0.1591796875
550.0 0.1591796875
552.0 0.15966796875
554.0 0.1591796875
556.0 0.15966796875
558.0 0.1591796875
560.0 0.1591796875
562.0 0.15966796875
564.0 0.1591796875
566.0 0.1591796875
568.0 0.1591796875
570.0 0.15966796875
572.0 0.15966796875
574.0 0.15966796875
576.0 0.1591796875
579.0 0.15966796875
581.0 0.15966796875
583.0 0.15966796875
585.0 0.15966796875
587.0 0.15966796875
589.0 0.1591796875
591.0 0.1591796875
593.0 0.1591796875
595.0 0.15966796875
597.0 0.15966796875
599.0 0.15966796875
601.0 0.1591796875
603.0 0.1591796875
605.0 0.1591796875
608.0 0.1591796875
610.0 0.15966796875
612.0 0.15966796875
614.0 0.1591796875
616.0 0.1591796875
618.0 0.15966796875
620.0 0.1591796875
622.0 0.15966796875
624.0 0.1591796875
626.0 0.15966796875
628.0 0.15966796875
630.0 0.1591796875
632.0 0.15966796875
634.0 0.15966796875
636.0 0.15966796875
638.0 0.1591796875
641.0 0.1591796875
643.0 0.1591796875
645.0 0.1591796875
647.0 0.1591796875
649.0 0.1591796875
651.0 0.15966796875
653.0 0.1591796875
655.0 0.15966796875
657.0 0.1591796875
659.0 0.1591796875
661.0 0.15966796875
663.0 0.15966796875
665.0 0.15966796875
667.0 0.15966796875
669.0 0.15966796875
671.0 0.1591796875
673.0 0.1591796875
675.0 0.1591796875
677.0 0.15966796875
679.0 0.1591796875
682.0 0.15966796875
684.0 0.15966796875
686.0 0.15966796875
688.0 0.15966796875
690.0 0.15966796875
692.0 0.15966796875
694.0 0.1591796875
696.0 0.15966796875
698.0 0.15966796875
700.0 0.15966796875
702.0 0.15966796875
704.0 0.15966796875
706.0 0.15966796875
708.0 0.15966796875
710.0 0.1591796875
712.0 0.15966796875
715.0 0.15966796875
717.0 0.15966796875
719.0 0.15966796875
721.0 0.1591796875
723.0 0.15966796875
725.0 0.1591796875
727.0 0.15966796875
729.0 0.15966796875
731.0 0.15966796875
733.0 0.15966796875
735.0 0.1591796875
737.0 0.15966796875
739.0 0.15966796875
741.0 0.15966796875
743.0 0.1591796875
746.0 0.15966796875
748.0 0.15966796875
750.0 0.15966796875
