name: Toluene
heating ramp rate: 0.5
VOC concentration: 0.03
0.0 0.1513671875
2.0 0.15185546875
4.0 0.15185546875
6.0 0.1513671875
8.0 0.1513671875
10.0 0.1513671875
12.0 0.1513671875
14.0 0.1513671875
16.0 0.1513671875
18.0 0.15185546875
20.0 0.15185546875
22.0 0.15185546875
24.0 0.1513671875
26.0 0.1513671875
28.0 0.15185546875
30.0 0.15185546875
33.0 0.1513671875
35.0 0.15185546875
37.0 0.1513671875
39.0 0.1513671875
41.0 0.15185546875
43.0 0.1513671875
45.0 0.15185546875
47.0 0.1513671875
49.0 0.1513671875
51.0 0.15185546875
53.0 0.15185546875
55.0 0.15185546875
57.0 0.15185546875
59.0 0.15185546875
62.0 0.1513671875
64.0 0.15185546875
66.0 0.15185546875
68.0 0.15185546875
70.0 0.15185546875
72.0 0.15185546875
74.0 0.1513671875
76.0 0.1513671875
78.0 0.1513671875
80.0 0.1513671875
82.0 0.1513671875
84.0 0.1513671875
87.0 0.1513671875
89.0 0.1513671875
91.0 0.1513671875
93.0 0.1513671875
95.0 0.1513671875
97.0 0.1513671875
99.0 0.1513671875
101.0 0.1513671875
103.0 0.1513671875
105.0 0.15185546875
107.0 0.1513671875
109.0 0.1513671875
111.0 0.1513671875
114.0 0.1513671875
116.0 0.1513671875
118.0 0.1513671875
120.0 0.1513671875
122.0 0.1513671875
124.0 0.1513671875
126.0 0.15185546875
128.0 0.15185546875
130.0 0.15185546875
132.0 0.15185546875
134.0 0.1513671875
136.0 0.15185546875
139.0 0.1513671875
141.0 0.15185546875
143.0 0.15185546875
145.0 0.15185546875
147.0 0.15185546875
149.0 0.15185546875
151.0 0.1513671875
153.0 0.15185546875
155.0 0.15185546875
157.0 0.1513671875
159.0 0.15185546875
161.0 0.15185546875
163.0 0.1513671875
166.0 0.15185546875
168.0 0.1513671875
170.0 0.1513671875
172.0 0.15185546875
174.0 0.1513671875
176.0 0.15185546875
178.0 0.15185546875
180.0 0.15185546875
182.0 0.15185546875
184.0 0.15185546875
186.0 0.15185546875
188.0 0.15185546875
190.0 0.15185546875
192.0 0.15185546875
194.0 0.15185546875
197.0 0.15185546875
199.0 0.15185546875
201.0 0.15185546875
203.0 0.15185546875
205.0 0.15185546875
207.0 0.15185546875
209.0 0.15185546875
211.0 0.15185546875
213.0 0.15234375
215.0 0.15185546875
217.0 0.15185546875
219.0 0.15185546875
221.0 0.15185546875
223.0 0.15185546875
225.0 0.15185546875
228.0 0.15185546875
230.0 0.15234375
232.0 0.15234375
234.0 0.15234375
236.0 0.15185546875
238.0 0.15185546875
240.0 0.15185546875
242.0 0.15234375
244.0 0.15234375
246.0 0.15234375
248.0 0.15185546875
250.0 0.15234375
252.0 0.15185546875
254.0 0.15234375
257.0 0.15234375
259.0 0.15234375
261.0 0.15234375
263.0 0.15234375
265.0 0.15234375
267.0 0.15234375
269.0 0.15234375
271.0 0.15234375
273.0 0.15234375
275.0 0.15234375
277.0 0.15234375
279.0 0.15234375
282.0 0.15234375
284.0 0.15283203125
286.0 0.15234375
288.0 0.15234375
290.0 0.15234375
292.0 0.15234375
294.0 0.15234375
296.0 0.15234375
298.0 0.15234375
300.0 0.15234375
302.0 0.15234375
304.0 0.15234375
306.0 0.15234375
309.0 0.15234375
311.0 0.15234375
313.0 0.15234375
315.0 0.15234375
317.0 0.15234375
319.0 0.15234375
321.0 0.15234375
323.0 0.15234375
325.0 0.15234375
327.0 0.15234375
329.0 0.15283203125
331.0 0.15234375
333.0 0.15234375
335.0 0.15234375
338.0 0.15283203125
340.0 0.15234375
342.0 0.15234375
344.0 0.15283203125
346.0 0.15234375
348.0 0.15283203125
350.0 0.15234375
352.0 0.15234375
354.0 0.15234375
356.0 0.15283203125
358.0 0.15234375
360.0 0.15234375
362.0 0.15234375
364.0 0.15283203125
366.0 0.15283203125
368.0 0.15234375
370.0 0.15234375
372.0 0.15234375
374.0 0.15283203125
376.0 0.15283203125
379.0 0.15283203125
381.0 0.15283203125
383.0 0.15283203125
385.0 0.15283203125
387.0 0.15234375
389.0 0.15283203125
391.0 0.15234375
393.0 0.15234375
395.0 0.15283203125
397.0 0.15283203125
399.0 0.15283203125
401.0 0.15283203125
403.0 0.15283203125
406.0 0.15283203125
408.0 0.15283203125
410.0 0.15283203125
412.0 0.15283203125
414.0 0.15283203125
416.0 0.15283203125
418.0 0.15283203125
420.0 0.15234375
422.0 0.15283203125
424.0 0.15283203125
426.0 0.15283203125
428.0 0.15283203125
430.0 0.15234375
432.0 0.15283203125
434.0 0.15283203125
437.0 0.15283203125
439.0 0.15283203125
441.0 0.15283203125
443.0 0.15283203125
445.0 0.15283203125
447.0 0.15234375
449.0 0.15283203125
451.0 0.15283203125
453.0 0.15283203125
455.0 0.1533203125
457.0 0.15283203125
459.0 0.15283203125
461.0 0.15283203125
463.0 0.15234375
466.0 0.1533203125
468.0 0.15283203125
470.0 0.15283203125
472.0 0.15283203125
474.0 0.15283203125
476.0 0.15283203125
478.0 0.15283203125
480.0 0.15283203125
482.0 0.15283203125
484.0 0.1533203125
486.0 0.1533203125
489.0 0.15283203125
491.0 0.15283203125
493.0 0.15283203125
495.0 0.15283203125
497.0 0.15283203125
499.0 0.15283203125
501.0 0.15283203125
503.0 0.15283203125
505.0 0.15283203125
507.0 0.15283203125
509.0 0.15283203125
511.0 0.15283203125
513.0 0.15283203125
515.0 0.15234375
517.0 0.15283203125
520.0 0.1533203125
522.0 0.15283203125
524.0 0.15283203125
526.0 0.1533203125
528.0 0.15283203125
530.0 0.1533203125
532.0 0.15283203125
534.0 0.15283203125
536.0 0.1533203125
538.0 0.1533203125
540.0 0.1533203125
542.0 0.15283203125
544.0 0.15283203125
546.0 0.15283203125
548.0 0.1533203125
550.0 0.15283203125
552.0 0.15283203125
554.0 0.1533203125
556.0 0.1533203125
558.0 0.15283203125
560.0 0.15283203125
563.0 0.1533203125
565.0 0.1533203125
567.0 0.1533203125
569.0 0.1533203125
571.0 0.15283203125
573.0 0.15283203125
575.0 0.15283203125
577.0 0.15283203125
579.0 0.1533203125
581.0 0.15283203125
583.0 0.1533203125
585.0 0.1533203125
587.0 0.1533203125
589.0 0.1533203125
591.0 0.15283203125
593.0 0.1533203125
595.0 0.15283203125
598.0 0.1533203125
600.0 0.15283203125
602.0 0.15283203125
604.0 0.1533203125
606.0 0.15283203125
608.0 0.15283203125
610.0 0.1533203125
612.0 0.1533203125
614.0 0.15283203125
616.0 0.1533203125
618.0 0.1533203125
620.0 0.1533203125
623.0 0.1533203125
625.0 0.1533203125
627.0 0.1533203125
629.0 0.15283203125
631.0 0.1533203125
633.0 0.1533203125
635.0 0.1533203125
637.0 0.15283203125
639.0 0.15283203125
641.0 0.1533203125
643.0 0.1533203125
645.0 0.1533203125
647.0 0.1533203125
649.0 0.1533203125
652.0 0.1533203125
654.0 0.1533203125
656.0 0.15283203125
658.0 0.15283203125
660.0 0.1533203125
662.0 0.1533203125
664.0 0.1533203125
666.0 0.15283203125
668.0 0.1533203125
670.0 0.1533203125
672.0 0.1533203125
674.0 0.1533203125
676.0 0.1533203125
678.0 0.1533203125
680.0 0.15283203125
682.0 0.1533203125
685.0 0.15283203125
687.0 0.1533203125
689.0 0.1533203125
691.0 0.1533203125
693.0 0.15283203125
695.0 0.15283203125
697.0 0.1533203125
699.0 0.1533203125
701.0 0.1533203125
703.0 0.1533203125
705.0 0.15283203125
707.0 0.1533203125
709.0 0.1533203125
711.0 0.15283203125
714.0 0.1533203125
716.0 0.1533203125
718.0 0.15283203125
720.0 0.15283203125
722.0 0.1533203125
724.0 0.1533203125
726.0 0.1533203125
728.0 0.1533203125
730.0 0.1533203125
732.0 0.1533203125
734.0 0.1533203125
737.0 0.1533203125
739.0 0.1533203125
741.0 0.1533203125
743.0 0.1533203125
745.0 0.1533203125
747.0 0.1533203125
749.0 0.1533203125
751.0 0.15283203125
