name: Toluene
heating ramp rate: 0.5
VOC concentration: 1.0
0.0 0.1669921875
2.0 0.1669921875
4.0 0.16748046875
7.0 0.1669921875
9.0 0.16748046875
11.0 0.16748046875
13.0 0.16748046875
15.0 0.16796875
17.0 0.16845703125
19.0 0.1689453125
21.0 0.16943359375
23.0 0.169921875
25.0 0.17041015625
27.0 0.1708984375
29.0 0.17138671875
31.0 0.17236328125
33.0 0.1728515625
35.0 0.173828125
37.0 0.17431640625
39.0 0.1748046875
41.0 0.17578125
43.0 0.17626953125
46.0 0.17724609375
48.0 0.17822265625
50.0 0.17919921875
52.0 0.18017578125
54.0 0.18115234375
56.0 0.181640625
58.0 0.1826171875
60.0 0.18310546875
62.0 0.18408203125
64.0 0.1845703125
66.0 0.18505859375
68.0 0.185546875
70.0 0.1865234375
72.0 0.18701171875
74.0 0.1875
76.0 0.1875
78.0 0.1875
80.0 0.1884765625
83.0 0.1884765625
85.0 0.1884765625
87.0 0.18798828125
89.0 0.1875
91.0 0.18701171875
93.0 0.18701171875
95.0 0.1865234375
97.0 0.185546875
99.0 0.185546875
101.0 0.1845703125
103.0 0.18359375
105.0 0.18310546875
107.0 0.1826171875
109.0 0.181640625
111.0 0.18115234375
114.0 0.18017578125
116.0 0.1796875
118.0 0.17919921875
120.0 0.1787109375
122.0 0.17822265625
124.0 0.177734375
126.0 0.17724609375
128.0 0.1767578125
130.0 0.1767578125
132.0 0.17626953125
134.0 0.17578125
136.0 0.17529296875
138.0 0.17529296875
140.0 0.17529296875
143.0 0.1748046875
145.0 0.1748046875
147.0 0.1748046875
149.0 0.1748046875
151.0 0.17431640625
153.0 0.17431640625
155.0 0.173828125
157.0 0.173828125
159.0 0.173828125
161.0 0.173828125
163.0 0.173828125
165.0 0.173828125
167.0 0.17333984375
169.0 0.17333984375
172.0 0.1728515625
174.0 0.1728515625
176.0 0.1728515625
178.0 0.17333984375
180.0 0.1728515625
182.0 0.17333984375
184.0 0.17333984375
186.0 0.17333984375
188.0 0.17333984375
190.0 0.17333984375
192.0 0.17333984375
195.0 0.17333984375
197.0 0.17333984375
199.0 0.17333984375
201.0 0.17333984375
203.0 0.17333984375
205.0 0.17333984375
207.0 0.1728515625
209.0 0.17333984375
211.0 0.1728515625
213.0 0.17333984375
215.0 0.17333984375
217.0 0.17333984375
219.0 0.17333984375
221.0 0.17333984375
223.0 0.17333984375
225.0 0.17333984375
227.0 0.17333984375
229.0 0.173828125
232.0 0.17333984375
234.0 0.17333984375
236.0 0.17333984375
238.0 0.17333984375
240.0 0.1728515625
242.0 0.1728515625
244.0 0.1728515625
246.0 0.1728515625
248.0 0.1728515625
250.0 0.1728515625
252.0 0.1728515625
254.0 0.17333984375
256.0 0.17333984375
259.0 0.173828125
261.0 0.17333984375
263.0 0.173828125
265.0 0.17333984375
267.0 0.173828125
269.0 0.17333984375
271.0 0.17333984375
273.0 0.1728515625
275.0 0.1728515625
277.0 0.1728515625
279.0 0.1728515625
281.0 0.17333984375
283.0 0.17333984375
285.0 0.1728515625
287.0 0.17333984375
290.0 0.17333984375
292.0 0.17333984375
294.0 0.1728515625
296.0 0.17333984375
298.0 0.1728515625
300.0 0.17333984375
302.0 0.17333984375
304.0 0.17333984375
306.0 0.1728515625
308.0 0.1728515625
310.0 0.1728515625
312.0 0.1728515625
315.0 0.17333984375
317.0 0.17333984375
319.0 0.173828125
321.0 0.17333984375
323.0 0.17333984375
325.0 0.17333984375
327.0 0.17333984375
329.0 0.17333984375
331.0 0.17333984375
333.0 0.17333984375
335.0 0.17333984375
337.0 0.17333984375
339.0 0.1728515625
341.0 0.17333984375
343.0 0.17333984375
345.0 0.17333984375
347.0 0.17333984375
350.0 0.1728515625
352.0 0.17236328125
354.0 0.17236328125
356.0 0.17236328125
358.0 0.17236328125
360.0 0.1728515625
362.0 0.1728515625
364.0 0.1728515625
366.0 0.1728515625
368.0 0.1728515625
370.0 0.1728515625
372.0 0.1728515625
374.0 0.1728515625
376.0 0.17333984375
378.0 0.17333984375
380.0 0.17333984375
382.0 0.1728515625
385.0 0.17333984375
387.0 0.17333984375
389.0 0.1728515625
391.0 0.1728515625
393.0 0.1728515625
395.0 0.1728515625
397.0 0.1728515625
399.0 0.1728515625
401.0 0.17333984375
403.0 0.17333984375
405.0 0.17333984375
407.0 0.1728515625
409.0 0.1728515625
412.0 0.17333984375
414.0 0.1728515625
416.0 0.1728515625
418.0 0.1728515625
420.0 0.17236328125
422.0 0.17236328125
424.0 0.171875
426.0 0.17236328125
428.0 0.17236328125
430.0 0.1728515625
432.0 0.1728515625
434.0 0.1728515625
436.0 0.1728515625
438.0 0.1728515625
440.0 0.1728515625
442.0 0.1728515625
444.0 0.1728515625
446.0 0.17333984375
449.0 0.1728515625
451.0 0.1728515625
453.0 0.1728515625
455.0 0.1728515625
457.0 0.1728515625
459.0 0.1728515625
461.0 0.1728515625
463.0 0.1728515625
465.0 0.1728515625
467.0 0.1728515625
469.0 0.1728515625
471.0 0.1728515625
473.0 0.1728515625
475.0 0.1728515625
477.0 0.1728515625
480.0 0.1728515625
482.0 0.1728515625
484.0 0.17236328125
486.0 0.17236328125
488.0 0.1728515625
490.0 0.17236328125
492.0 0.1728515625
494.0 0.1728515625
496.0 0.1728515625
498.0 0.1728515625
500.0 0.1728515625
502.0 0.1728515625
504.0 0.17236328125
506.0 0.1728515625
508.0 0.1728515625
510.0 0.17236328125
512.0 0.1728515625
514.0 0.1728515625
517.0 0.1728515625
519.0 0.17236328125
521.0 0.1728515625
523.0 0.1728515625
525.0 0.1728515625
527.0 0.1728515625
529.0 0.1728515625
531.0 0.1728515625
533.0 0.1728515625
535.0 0.1728515625
537.0 0.1728515625
539.0 0.1728515625
541.0 0.1728515625
543.0 0.1728515625
545.0 0.17236328125
548.0 0.17236328125
550.0 0.17236328125
552.0 0.1728515625
554.0 0.1728515625
556.0 0.1728515625
558.0 0.1728515625
560.0 0.17236328125
562.0 0.17236328125
564.0 0.17236328125
566.0 0.171875
568.0 0.17236328125
570.0 0.17236328125
572.0 0.17236328125
574.0 0.17236328125
577.0 0.17236328125
579.0 0.17236328125
581.0 0.17236328125
583.0 0.17236328125
585.0 0.1728515625
587.0 0.1728515625
589.0 0.1728515625
591.0 0.1728515625
593.0 0.1728515625
595.0 0.1728515625
597.0 0.1728515625
599.0 0.17236328125
601.0 0.17236328125
603.0 0.17236328125
605.0 0.17236328125
608.0 0.17236328125
610.0 0.17236328125
612.0 0.1728515625
614.0 0.17236328125
616.0 0.1728515625
618.0 0.17236328125
620.0 0.17236328125
622.0 0.1728515625
624.0 0.1728515625
626.0 0.17236328125
628.0 0.1728515625
630.0 0.17236328125
632.0 0.17236328125
634.0 0.17236328125
636.0 0.17236328125
638.0 0.17236328125
640.0 0.1728515625
643.0 0.17236328125
645.0 0.1728515625
647.0 0.17236328125
649.0 0.17236328125
651.0 0.17236328125
653.0 0.17236328125
655.0 0.17236328125
657.0 0.17236328125
659.0 0.17236328125
661.0 0.17236328125
663.0 0.17236328125
665.0 0.17236328125
667.0 0.17236328125
670.0 0.17236328125
672.0 0.17236328125
674.0 0.171875
676.0 0.171875
678.0 0.17236328125
680.0 0.17236328125
682.0 0.171875
684.0 0.17236328125
686.0 0.17236328125
688.0 0.17236328125
690.0 0.17236328125
692.0 0.17236328125
694.0 0.17236328125
696.0 0.17236328125
698.0 0.17236328125
700.0 0.1728515625
702.0 0.1728515625
704.0 0.17236328125
706.0 0.17236328125
708.0 0.17236328125
711.0 0.1728515625
713.0 0.17236328125
715.0 0.17236328125
717.0 0.17236328125
719.0 0.1728515625
721.0 0.17236328125
723.0 0.17236328125
725.0 0.17236328125
727.0 0.17236328125
729.0 0.17236328125
731.0 0.17236328125
733.0 0.17236328125
735.0 0.17236328125
737.0 0.17236328125
739.0 0.17236328125
741.0 0.17236328125
744.0 0.17236328125
746.0 0.1728515625
748.0 0.17236328125
750.0 0.17236328125
