name: Toluene
heating ramp rate: 0.5
VOC concentration: 0.02
0.0 0.15380859375
2.0 0.1533203125
4.0 0.1533203125
6.0 0.15380859375
8.0 0.1533203125
10.0 0.1533203125
12.0 0.15380859375
14.0 0.1533203125
17.0 0.15380859375
19.0 0.15380859375
21.0 0.1533203125
23.0 0.15380859375
25.0 0.15380859375
27.0 0.1533203125
29.0 0.15380859375
31.0 0.15380859375
33.0 0.15380859375
35.0 0.15380859375
37.0 0.15380859375
39.0 0.1533203125
41.0 0.15380859375
43.0 0.154296875
46.0 0.15380859375
48.0 0.15380859375
50.0 0.15380859375
52.0 0.154296875
54.0 0.15380859375
56.0 0.15380859375
58.0 0.15380859375
60.0 0.15380859375
62.0 0.154296875
64.0 0.15380859375
66.0 0.15380859375
69.0 0.15380859375
71.0 0.15380859375
73.0 0.154296875
75.0 0.154296875
77.0 0.15380859375
79.0 0.154296875
81.0 0.154296875
83.0 0.15380859375
85.0 0.154296875
87.0 0.154296875
89.0 0.154296875
91.0 0.15380859375
93.0 0.154296875
96.0 0.154296875
98.0 0.154296875
100.0 0.154296875
102.0 0.154296875
104.0 0.154296875
106.0 0.15380859375
108.0 0.15380859375
110.0 0.154296875
112.0 0.154296875
114.0 0.15380859375
116.0 0.15380859375
118.0 0.154296875
120.0 0.154296875
123.0 0.154296875
125.0 0.154296875
127.0 0.154296875
129.0 0.154296875
131.0 0.154296875
133.0 0.154296875
135.0 0.15478515625
137.0 0.154296875
139.0 0.15478515625
141.0 0.154296875
143.0 0.154296875
145.0 0.154296875
147.0 0.154296875
149.0 0.154296875
152.0 0.154296875
154.0 0.154296875
156.0 0.154296875
158.0 0.154296875
160.0 0.154296875
162.0 0.154296875
164.0 0.15478515625
166.0 0.154296875
168.0 0.15478515625
170.0 0.154296875
172.0 0.15478515625
174.0 0.15478515625
176.0 0.154296875
178.0 0.154296875
180.0 0.15478515625
183.0 0.15478515625
185.0 0.15478515625
187.0 0.15478515625
189.0 0.15478515625
191.0 0.15478515625
193.0 0.15478515625
195.0 0.15478515625
197.0 0.15478515625
199.0 0.15478515625
201.0 0.15478515625
203.0 0.15478515625
205.0 0.15478515625
207.0 0.1552734375
209.0 0.15478515625
212.0 0.1552734375
214.0 0.1552734375
216.0 0.15478515625
218.0 0.15478515625
220.0 0.1552734375
222.0 0.1552734375
224.0 0.15478515625
226.0 0.15478515625
228.0 0.15478515625
230.0 0.1552734375
232.0 0.15478515625
234.0 0.15478515625
236.0 0.1552734375
238.0 0.15478515625
240.0 0.1552734375
242.0 0.1552734375
245.0 0.1552734375
247.0 0.1552734375
249.0 0.15576171875
251.0 0.1552734375
253.0 0.1552734375
255.0 0.1552734375
257.0 0.1552734375
259.0 0.1552734375
261.0 0.1552734375
263.0 0.1552734375
265.0 0.1552734375
267.0 0.1552734375
269.0 0.1552734375
271.0 0.1552734375
273.0 0.1552734375
276.0 0.1552734375
278.0 0.1552734375
280.0 0.15576171875
282.0 0.1552734375
284.0 0.1552734375
286.0 0.1552734375
288.0 0.1552734375
290.0 0.1552734375
292.0 0.15576171875
294.0 0.1552734375
296.0 0.15576171875
298.0 0.1552734375
300.0 0.1552734375
303.0 0.1552734375
305.0 0.15576171875
307.0 0.15576171875
309.0 0.15576171875
311.0 0.15576171875
313.0 0.1552734375
315.0 0.1552734375
317.0 0.1552734375
319.0 0.1552734375
321.0 0.15576171875
323.0 0.1552734375
325.0 0.1552734375
327.0 0.15576171875
329.0 0.15576171875
331.0 0.15576171875
333.0 0.1552734375
335.0 0.1552734375
337.0 0.15576171875
339.0 0.1552734375
342.0 0.15576171875
344.0 0.15576171875
346.0 0.15576171875
348.0 0.15576171875
350.0 0.15576171875
352.0 0.15576171875
354.0 0.15576171875
356.0 0.15576171875
358.0 0.15576171875
360.0 0.1552734375
362.0 0.15576171875
364.0 0.15576171875
367.0 0.1552734375
369.0 0.1552734375
371.0 0.15576171875
373.0 0.15576171875
375.0 0.15576171875
377.0 0.15576171875
379.0 0.15625
381.0 0.15576171875
383.0 0.15576171875
385.0 0.15576171875
387.0 0.15576171875
389.0 0.15576171875
392.0 0.15576171875
394.0 0.1552734375
396.0 0.15576171875
398.0 0.15576171875
400.0 0.15576171875
402.0 0.15576171875
404.0 0.15576171875
406.0 0.15576171875
408.0 0.15576171875
410.0 0.15576171875
412.0 0.15625
414.0 0.15576171875
416.0 0.15576171875
418.0 0.15576171875
420.0 0.15576171875
423.0 0.15576171875
425.0 0.15576171875
427.0 0.15576171875
429.0 0.15625
431.0 0.15625
433.0 0.15576171875
435.0 0.15576171875
437.0 0.15625
439.0 0.15576171875
441.0 0.15576171875
443.0 0.15576171875
446.0 0.15576171875
448.0 0.15576171875
450.0 0.15576171875
452.0 0.15625
454.0 0.15625
456.0 0.15576171875
458.0 0.15625
460.0 0.15576171875
462.0 0.15576171875
464.0 0.15576171875
466.0 0.15625
468.0 0.15576171875
471.0 0.15625
473.0 0.15576171875
475.0 0.15576171875
477.0 0.15576171875
479.0 0.15576171875
481.0 0.15576171875
483.0 0.15576171875
485.0 0.15576171875
487.0 0.15576171875
489.0 0.15625
491.0 0.15576171875
493.0 0.15576171875
496.0 0.15625
498.0 0.15576171875
500.0 0.15576171875
502.0 0.15576171875
504.0 0.15625
506.0 0.15625
508.0 0.15625
510.0 0.15625
512.0 0.15625
514.0 0.15625
516.0 0.15576171875
518.0 0.15576171875
520.0 0.15625
522.0 0.15625
524.0 0.15625
527.0 0.15625
529.0 0.15576171875
531.0 0.15576171875
533.0 0.15576171875
535.0 0.15576171875
537.0 0.15625
539.0 0.15576171875
541.0 0.15576171875
543.0 0.15625
545.0 0.15576171875
547.0 0.15625
549.0 0.15625
551.0 0.15576171875
553.0 0.15576171875
555.0 0.15576171875
557.0 0.15625
559.0 0.15576171875
561.0 0.15625
563.0 0.15576171875
566.0 0.15576171875
568.0 0.15625
570.0 0.15625
572.0 0.15625
574.0 0.15625
576.0 0.15625
578.0 0.15625
580.0 0.15625
582.0 0.15625
584.0 0.15625
586.0 0.15625
588.0 0.15576171875
590.0 0.15576171875
592.0 0.15576171875
595.0 0.15625
597.0 0.15625
599.0 0.15625
601.0 0.15625
603.0 0.15625
605.0 0.15625
607.0 0.15576171875
609.0 0.15625
611.0 0.15576171875
613.0 0.15576171875
616.0 0.15625
618.0 0.15576171875
620.0 0.15625
622.0 0.15625
624.0 0.15576171875
626.0 0.15625
628.0 0.15625
630.0 0.15625
632.0 0.15625
634.0 0.15625
636.0 0.15625
638.0 0.15625
640.0 0.15625
642.0 0.15625
644.0 0.15625
646.0 0.15625
648.0 0.15625
650.0 0.15625
652.0 0.15625
654.0 0.15625
657.0 0.15625
659.0 0.15625
661.0 0.15625
663.0 0.15625
665.0 0.15625
667.0 0.15576171875
669.0 0.15625
671.0 0.15625
673.0 0.15625
675.0 0.15625
677.0 0.15625
679.0 0.15625
681.0 0.15625
684.0 0.15625
686.0 0.15625
688.0 0.15625
690.0 0.15576171875
692.0 0.15625
694.0 0.15576171875
696.0 0.15625
698.0 0.15625
700.0 0.15625
702.0 0.15625
704.0 0.15625
707.0 0.15625
709.0 0.15625
711.0 0.15625
713.0 0.15625
715.0 0.15576171875
717.0 0.15625
719.0 0.15625
721.0 0.15625
723.0 0.15625
725.0 0.15625
727.0 0.15625
730.0 0.15625
732.0 0.15625
734.0 0.15673828125
736.0 0.15625
738.0 0.15625
740.0 0.15625
742.0 0.15625
744.0 0.15625
746.0 0.15625
748.0 0.15625
750.0 0.15625
